Record Length,2.500000e+03,,  -0.002500000000,   2.20000,
Sample Interval,2.000000e-06,,  -0.002498000000,   4.80000,
Trigger Point,1.250000000000e+03,,  -0.002496000000,   0.20000,
,,,  -0.002494000000,   0.00000,
,,,  -0.002492000000,  -0.20000,
,,,  -0.002490000000,  -0.20000,
Source,CH1,,  -0.002488000000,   0.00000,
Vertical Units,V,,  -0.002486000000,  -0.20000,
Vertical Scale,5.000000e+00,,  -0.002484000000,   0.00000,
Vertical Offset,9.800000e+00,,  -0.002482000000,  -0.20000,
Horizontal Units,s,,  -0.002480000000,   0.00000,
Horizontal Scale,5.000000e-04,,  -0.002478000000,  -0.20000,
Pt Fmt,ENV,,  -0.002476000000,  -0.20000,
Yzero,0.000000e+00,,  -0.002474000000,  -0.20000,
Probe Atten,1.000000e+00,,  -0.002472000000,  -0.20000,
Model Number,TDS2024B,,  -0.002470000000,  -0.20000,
Serial Number,C103617,,  -0.002468000000,  -0.20000,
Firmware Version,FV:v22.11,,  -0.002466000000,  -0.20000,
,,,-00.002464000000,   0.00000,
,,,-00.002462000000,  -0.20000,
,,,-00.002460000000,  -0.20000,
,,,-00.002458000000,  -0.20000,
,,,-00.002456000000,   0.00000,
,,,-00.002454000000,  -0.20000,
,,,-00.002452000000,   0.00000,
,,,-00.002450000000,  -0.20000,
,,,-00.002448000000,  -0.20000,
,,,-00.002446000000,  -0.20000,
,,,-00.002444000000,   0.00000,
,,,-00.002442000000,  -0.20000,
,,,-00.002440000000,  -0.20000,
,,,-00.002438000000,  -0.20000,
,,,-00.002436000000,  -0.20000,
,,,-00.002434000000,  -0.20000,
,,,-00.002432000000,  -0.20000,
,,,-00.002430000000,  -0.20000,
,,,-00.002428000000,   0.00000,
,,,-00.002426000000,  -0.20000,
,,,-00.002424000000,  -0.20000,
,,,-00.002422000000,  -0.20000,
,,,-00.002420000000,  -0.20000,
,,,-00.002418000000,  -0.20000,
,,,-00.002416000000,   0.00000,
,,,-00.002414000000,  -0.20000,
,,,-00.002412000000,  -0.20000,
,,,-00.002410000000,  -0.20000,
,,,-00.002408000000,  -0.20000,
,,,-00.002406000000,  -0.20000,
,,,-00.002404000000,   0.00000,
,,,-00.002402000000,  -0.20000,
,,,-00.002400000000,   0.00000,
,,,-00.002398000000,  -0.20000,
,,,-00.002396000000,  -0.20000,
,,,-00.002394000000,  -0.40000,
,,,-00.002392000000,   0.20000,
,,,-00.002390000000,  -0.20000,
,,,-00.002388000000,   0.00000,
,,,-00.002386000000,  -0.20000,
,,,-00.002384000000,  -0.20000,
,,,-00.002382000000,  -0.20000,
,,,-00.002380000000,   0.00000,
,,,-00.002378000000,  -0.20000,
,,,-00.002376000000,  -0.20000,
,,,-00.002374000000,  -0.20000,
,,,-00.002372000000,  -0.20000,
,,,-00.002370000000,  -0.20000,
,,,-00.002368000000,   0.00000,
,,,-00.002366000000,  -0.20000,
,,,-00.002364000000,   0.00000,
,,,-00.002362000000,  -0.20000,
,,,-00.002360000000,  -0.20000,
,,,-00.002358000000,  -0.20000,
,,,-00.002356000000,   0.00000,
,,,-00.002354000000,  -0.20000,
,,,-00.002352000000,  -0.20000,
,,,-00.002350000000,  -0.20000,
,,,-00.002348000000,  -0.20000,
,,,-00.002346000000,  -0.20000,
,,,-00.002344000000,   0.00000,
,,,-00.002342000000,  -0.20000,
,,,-00.002340000000,  -0.20000,
,,,-00.002338000000,  -0.20000,
,,,-00.002336000000,  -0.20000,
,,,-00.002334000000,  -0.20000,
,,,-00.002332000000,  -0.20000,
,,,-00.002330000000,  -0.20000,
,,,-00.002328000000,  -0.20000,
,,,-00.002326000000,  -0.20000,
,,,-00.002324000000,  -0.20000,
,,,-00.002322000000,  -0.20000,
,,,-00.002320000000,   0.00000,
,,,-00.002318000000,  -0.20000,
,,,-00.002316000000,   0.00000,
,,,-00.002314000000,  -0.20000,
,,,-00.002312000000,  -0.20000,
,,,-00.002310000000,  -0.20000,
,,,-00.002308000000,  -0.20000,
,,,-00.002306000000,  -0.20000,
,,,-00.002304000000,   0.00000,
,,,-00.002302000000,  -0.20000,
,,,-00.002300000000,  -0.20000,
,,,-00.002298000000,  -0.20000,
,,,-00.002296000000,   0.00000,
,,,-00.002294000000,  -0.20000,
,,,-00.002292000000,   0.00000,
,,,-00.002290000000,  -0.20000,
,,,-00.002288000000,   0.00000,
,,,-00.002286000000,  -0.20000,
,,,-00.002284000000,   0.00000,
,,,-00.002282000000,  -0.20000,
,,,-00.002280000000,  -0.20000,
,,,-00.002278000000,  -0.20000,
,,,-00.002276000000,  -0.20000,
,,,-00.002274000000,  -0.20000,
,,,-00.002272000000,   0.00000,
,,,-00.002270000000,  -0.20000,
,,,-00.002268000000,  -0.20000,
,,,-00.002266000000,  -0.20000,
,,,-00.002264000000,  -0.20000,
,,,-00.002262000000,  -0.20000,
,,,-00.002260000000,   0.00000,
,,,-00.002258000000,  -0.20000,
,,,-00.002256000000,   0.00000,
,,,-00.002254000000,  -0.20000,
,,,-00.002252000000,  -0.20000,
,,,-00.002250000000,  -0.20000,
,,,-00.002248000000,   0.00000,
,,,-00.002246000000,  -0.20000,
,,,-00.002244000000,  -0.20000,
,,,-00.002242000000,  -0.20000,
,,,-00.002240000000,  -0.20000,
,,,-00.002238000000,  -0.20000,
,,,-00.002236000000,   0.00000,
,,,-00.002234000000,  -0.20000,
,,,-00.002232000000,  -0.20000,
,,,-00.002230000000,  -0.20000,
,,,-00.002228000000,  -0.20000,
,,,-00.002226000000,  -0.20000,
,,,-00.002224000000,   0.00000,
,,,-00.002222000000,  -0.20000,
,,,-00.002220000000,  -0.20000,
,,,-00.002218000000,  -0.20000,
,,,-00.002216000000,  -0.20000,
,,,-00.002214000000,  -0.20000,
,,,-00.002212000000,   0.00000,
,,,-00.002210000000,  -0.20000,
,,,-00.002208000000,  -0.20000,
,,,-00.002206000000,  -0.20000,
,,,-00.002204000000,   0.00000,
,,,-00.002202000000,  -0.20000,
,,,-00.002200000000,   0.00000,
,,,-00.002198000000,  -0.20000,
,,,-00.002196000000,  -0.20000,
,,,-00.002194000000,  -0.20000,
,,,-00.002192000000,   0.00000,
,,,-00.002190000000,  -0.20000,
,,,-00.002188000000,   0.00000,
,,,-00.002186000000,  -0.20000,
,,,-00.002184000000,  -0.20000,
,,,-00.002182000000,  -0.20000,
,,,-00.002180000000,  -0.20000,
,,,-00.002178000000,  -0.20000,
,,,-00.002176000000,   0.00000,
,,,-00.002174000000,  -0.20000,
,,,-00.002172000000,   0.00000,
,,,-00.002170000000,  -0.20000,
,,,-00.002168000000,  -0.20000,
,,,-00.002166000000,  -0.20000,
,,,-00.002164000000,   0.00000,
,,,-00.002162000000,  -0.20000,
,,,-00.002160000000,   0.00000,
,,,-00.002158000000,  -0.20000,
,,,-00.002156000000,  -0.20000,
,,,-00.002154000000,  -0.40000,
,,,-00.002152000000,   0.00000,
,,,-00.002150000000,  -0.20000,
,,,-00.002148000000,  -0.20000,
,,,-00.002146000000,  -0.20000,
,,,-00.002144000000,  -0.20000,
,,,-00.002142000000,  -0.20000,
,,,-00.002140000000,   0.00000,
,,,-00.002138000000,  -0.20000,
,,,-00.002136000000,   0.00000,
,,,-00.002134000000,  -0.20000,
,,,-00.002132000000,  -0.20000,
,,,-00.002130000000,  -0.20000,
,,,-00.002128000000,   0.00000,
,,,-00.002126000000,  -0.20000,
,,,-00.002124000000,   0.00000,
,,,-00.002122000000,  -0.20000,
,,,-00.002120000000,  -0.20000,
,,,-00.002118000000,  -0.20000,
,,,-00.002116000000,   0.00000,
,,,-00.002114000000,  -0.20000,
,,,-00.002112000000,   0.00000,
,,,-00.002110000000,  -0.20000,
,,,-00.002108000000,   0.00000,
,,,-00.002106000000,  -0.20000,
,,,-00.002104000000,   0.00000,
,,,-00.002102000000,  -0.20000,
,,,-00.002100000000,  -0.20000,
,,,-00.002098000000,  -0.20000,
,,,-00.002096000000,  -0.20000,
,,,-00.002094000000,  -0.20000,
,,,-00.002092000000,   0.00000,
,,,-00.002090000000,  -0.20000,
,,,-00.002088000000,   0.00000,
,,,-00.002086000000,  -0.20000,
,,,-00.002084000000,  -0.20000,
,,,-00.002082000000,  -0.20000,
,,,-00.002080000000,   0.00000,
,,,-00.002078000000,  -0.20000,
,,,-00.002076000000,  -0.20000,
,,,-00.002074000000,  -0.20000,
,,,-00.002072000000,  -0.20000,
,,,-00.002070000000,  -0.20000,
,,,-00.002068000000,   0.00000,
,,,-00.002066000000,  -0.20000,
,,,-00.002064000000,   0.00000,
,,,-00.002062000000,  -0.20000,
,,,-00.002060000000,  -0.20000,
,,,-00.002058000000,  -0.20000,
,,,-00.002056000000,   0.00000,
,,,-00.002054000000,  -0.20000,
,,,-00.002052000000,   0.00000,
,,,-00.002050000000,  -0.20000,
,,,-00.002048000000,  -0.20000,
,,,-00.002046000000,  -0.20000,
,,,-00.002044000000,   0.00000,
,,,-00.002042000000,  -0.20000,
,,,-00.002040000000,  -0.20000,
,,,-00.002038000000,  -0.20000,
,,,-00.002036000000,   0.00000,
,,,-00.002034000000,  -0.20000,
,,,-00.002032000000,   0.00000,
,,,-00.002030000000,  -0.20000,
,,,-00.002028000000,   0.00000,
,,,-00.002026000000,  -0.20000,
,,,-00.002024000000,  -0.20000,
,,,-00.002022000000,  -0.20000,
,,,-00.002020000000,   0.00000,
,,,-00.002018000000,  -0.20000,
,,,-00.002016000000,   0.00000,
,,,-00.002014000000,  -0.20000,
,,,-00.002012000000,   0.00000,
,,,-00.002010000000,  -0.20000,
,,,-00.002008000000,   0.00000,
,,,-00.002006000000,  -0.20000,
,,,-00.002004000000,   0.00000,
,,,-00.002002000000,  -0.20000,
,,,-00.002000000000,   0.00000,
,,,-00.001998000000,   2.40000,
,,,-00.001996000000,   4.60000,
,,,-00.001994000000,   4.40000,
,,,-00.001992000000,   4.60000,
,,,-00.001990000000,   4.60000,
,,,-00.001988000000,   4.60000,
,,,-00.001986000000,   4.60000,
,,,-00.001984000000,   4.80000,
,,,-00.001982000000,   4.60000,
,,,-00.001980000000,   4.80000,
,,,-00.001978000000,   4.60000,
,,,-00.001976000000,   4.80000,
,,,-00.001974000000,   4.60000,
,,,-00.001972000000,   4.80000,
,,,-00.001970000000,   4.60000,
,,,-00.001968000000,   4.80000,
,,,-00.001966000000,   4.60000,
,,,-00.001964000000,   4.60000,
,,,-00.001962000000,   4.60000,
,,,-00.001960000000,   4.80000,
,,,-00.001958000000,   4.60000,
,,,-00.001956000000,   4.80000,
,,,-00.001954000000,   4.60000,
,,,-00.001952000000,   4.60000,
,,,-00.001950000000,   4.60000,
,,,-00.001948000000,   4.80000,
,,,-00.001946000000,   4.60000,
,,,-00.001944000000,   4.80000,
,,,-00.001942000000,   4.60000,
,,,-00.001940000000,   4.80000,
,,,-00.001938000000,   4.60000,
,,,-00.001936000000,   4.80000,
,,,-00.001934000000,   4.60000,
,,,-00.001932000000,   4.80000,
,,,-00.001930000000,   4.60000,
,,,-00.001928000000,   4.80000,
,,,-00.001926000000,   4.60000,
,,,-00.001924000000,   4.80000,
,,,-00.001922000000,   4.60000,
,,,-00.001920000000,   4.80000,
,,,-00.001918000000,   4.60000,
,,,-00.001916000000,   4.60000,
,,,-00.001914000000,   4.60000,
,,,-00.001912000000,   4.80000,
,,,-00.001910000000,   4.60000,
,,,-00.001908000000,   4.80000,
,,,-00.001906000000,   4.60000,
,,,-00.001904000000,   4.60000,
,,,-00.001902000000,   4.60000,
,,,-00.001900000000,   4.80000,
,,,-00.001898000000,   4.60000,
,,,-00.001896000000,   4.80000,
,,,-00.001894000000,   4.60000,
,,,-00.001892000000,   4.80000,
,,,-00.001890000000,   4.60000,
,,,-00.001888000000,   4.80000,
,,,-00.001886000000,   4.60000,
,,,-00.001884000000,   4.80000,
,,,-00.001882000000,   4.60000,
,,,-00.001880000000,   4.60000,
,,,-00.001878000000,   4.60000,
,,,-00.001876000000,   4.80000,
,,,-00.001874000000,   4.60000,
,,,-00.001872000000,   4.80000,
,,,-00.001870000000,   4.60000,
,,,-00.001868000000,   4.60000,
,,,-00.001866000000,   4.60000,
,,,-00.001864000000,   4.80000,
,,,-00.001862000000,   4.80000,
,,,-00.001860000000,   4.80000,
,,,-00.001858000000,   4.80000,
,,,-00.001856000000,   4.60000,
,,,-00.001854000000,   4.60000,
,,,-00.001852000000,   4.80000,
,,,-00.001850000000,   4.60000,
,,,-00.001848000000,   4.80000,
,,,-00.001846000000,   4.60000,
,,,-00.001844000000,   4.80000,
,,,-00.001842000000,   4.60000,
,,,-00.001840000000,   4.80000,
,,,-00.001838000000,   4.60000,
,,,-00.001836000000,   4.80000,
,,,-00.001834000000,   4.80000,
,,,-00.001832000000,   4.80000,
,,,-00.001830000000,   4.60000,
,,,-00.001828000000,   4.80000,
,,,-00.001826000000,   4.60000,
,,,-00.001824000000,   4.80000,
,,,-00.001822000000,   4.60000,
,,,-00.001820000000,   4.60000,
,,,-00.001818000000,   4.60000,
,,,-00.001816000000,   4.80000,
,,,-00.001814000000,   4.60000,
,,,-00.001812000000,   4.80000,
,,,-00.001810000000,   4.60000,
,,,-00.001808000000,   4.60000,
,,,-00.001806000000,   4.60000,
,,,-00.001804000000,   4.80000,
,,,-00.001802000000,   4.60000,
,,,-00.001800000000,   4.60000,
,,,-00.001798000000,   4.60000,
,,,-00.001796000000,   4.60000,
,,,-00.001794000000,   4.60000,
,,,-00.001792000000,   4.80000,
,,,-00.001790000000,   4.60000,
,,,-00.001788000000,   4.80000,
,,,-00.001786000000,   4.60000,
,,,-00.001784000000,   4.80000,
,,,-00.001782000000,   4.60000,
,,,-00.001780000000,   4.80000,
,,,-00.001778000000,   4.60000,
,,,-00.001776000000,   4.80000,
,,,-00.001774000000,   4.60000,
,,,-00.001772000000,   4.60000,
,,,-00.001770000000,   4.60000,
,,,-00.001768000000,   4.80000,
,,,-00.001766000000,   4.60000,
,,,-00.001764000000,   4.80000,
,,,-00.001762000000,   4.60000,
,,,-00.001760000000,   4.80000,
,,,-00.001758000000,   4.60000,
,,,-00.001756000000,   4.80000,
,,,-00.001754000000,   4.60000,
,,,-00.001752000000,   4.80000,
,,,-00.001750000000,   4.60000,
,,,-00.001748000000,   4.80000,
,,,-00.001746000000,   4.60000,
,,,-00.001744000000,   4.80000,
,,,-00.001742000000,   4.60000,
,,,-00.001740000000,   4.80000,
,,,-00.001738000000,   4.80000,
,,,-00.001736000000,   4.80000,
,,,-00.001734000000,   4.60000,
,,,-00.001732000000,   4.80000,
,,,-00.001730000000,   4.60000,
,,,-00.001728000000,   4.80000,
,,,-00.001726000000,   4.60000,
,,,-00.001724000000,   4.60000,
,,,-00.001722000000,   4.60000,
,,,-00.001720000000,   4.80000,
,,,-00.001718000000,   4.60000,
,,,-00.001716000000,   4.80000,
,,,-00.001714000000,   4.60000,
,,,-00.001712000000,   4.60000,
,,,-00.001710000000,   4.60000,
,,,-00.001708000000,   4.80000,
,,,-00.001706000000,   4.60000,
,,,-00.001704000000,   4.80000,
,,,-00.001702000000,   4.60000,
,,,-00.001700000000,   4.60000,
,,,-00.001698000000,   4.60000,
,,,-00.001696000000,   4.80000,
,,,-00.001694000000,   4.80000,
,,,-00.001692000000,   4.80000,
,,,-00.001690000000,   4.80000,
,,,-00.001688000000,   4.60000,
,,,-00.001686000000,   4.60000,
,,,-00.001684000000,   4.80000,
,,,-00.001682000000,   4.80000,
,,,-00.001680000000,   4.80000,
,,,-00.001678000000,   4.60000,
,,,-00.001676000000,   4.60000,
,,,-00.001674000000,   4.60000,
,,,-00.001672000000,   4.80000,
,,,-00.001670000000,   4.60000,
,,,-00.001668000000,   4.80000,
,,,-00.001666000000,   4.80000,
,,,-00.001664000000,   4.80000,
,,,-00.001662000000,   4.60000,
,,,-00.001660000000,   4.80000,
,,,-00.001658000000,   4.60000,
,,,-00.001656000000,   4.80000,
,,,-00.001654000000,   4.60000,
,,,-00.001652000000,   4.60000,
,,,-00.001650000000,   4.60000,
,,,-00.001648000000,   4.80000,
,,,-00.001646000000,   4.60000,
,,,-00.001644000000,   4.80000,
,,,-00.001642000000,   4.60000,
,,,-00.001640000000,   4.60000,
,,,-00.001638000000,   4.60000,
,,,-00.001636000000,   4.80000,
,,,-00.001634000000,   4.60000,
,,,-00.001632000000,   4.80000,
,,,-00.001630000000,   4.60000,
,,,-00.001628000000,   4.80000,
,,,-00.001626000000,   4.60000,
,,,-00.001624000000,   4.80000,
,,,-00.001622000000,   4.80000,
,,,-00.001620000000,   4.80000,
,,,-00.001618000000,   4.60000,
,,,-00.001616000000,   4.60000,
,,,-00.001614000000,   4.60000,
,,,-00.001612000000,   4.80000,
,,,-00.001610000000,   4.60000,
,,,-00.001608000000,   4.80000,
,,,-00.001606000000,   4.60000,
,,,-00.001604000000,   4.60000,
,,,-00.001602000000,   4.40000,
,,,-00.001600000000,   4.80000,
,,,-00.001598000000,   4.60000,
,,,-00.001596000000,   4.80000,
,,,-00.001594000000,   4.60000,
,,,-00.001592000000,   4.80000,
,,,-00.001590000000,   4.80000,
,,,-00.001588000000,   4.80000,
,,,-00.001586000000,   4.60000,
,,,-00.001584000000,   4.60000,
,,,-00.001582000000,   4.60000,
,,,-00.001580000000,   4.60000,
,,,-00.001578000000,   4.60000,
,,,-00.001576000000,   4.80000,
,,,-00.001574000000,   4.80000,
,,,-00.001572000000,   4.60000,
,,,-00.001570000000,   4.60000,
,,,-00.001568000000,   4.60000,
,,,-00.001566000000,   4.60000,
,,,-00.001564000000,   4.80000,
,,,-00.001562000000,   4.60000,
,,,-00.001560000000,   4.80000,
,,,-00.001558000000,   4.60000,
,,,-00.001556000000,   4.60000,
,,,-00.001554000000,   4.60000,
,,,-00.001552000000,   4.80000,
,,,-00.001550000000,   4.80000,
,,,-00.001548000000,   4.80000,
,,,-00.001546000000,   4.60000,
,,,-00.001544000000,   4.60000,
,,,-00.001542000000,   4.60000,
,,,-00.001540000000,   4.80000,
,,,-00.001538000000,   4.60000,
,,,-00.001536000000,   4.80000,
,,,-00.001534000000,   4.60000,
,,,-00.001532000000,   4.60000,
,,,-00.001530000000,   4.60000,
,,,-00.001528000000,   4.80000,
,,,-00.001526000000,   4.60000,
,,,-00.001524000000,   4.80000,
,,,-00.001522000000,   4.60000,
,,,-00.001520000000,   4.80000,
,,,-00.001518000000,   4.60000,
,,,-00.001516000000,   4.80000,
,,,-00.001514000000,   4.60000,
,,,-00.001512000000,   4.60000,
,,,-00.001510000000,   4.60000,
,,,-00.001508000000,   4.60000,
,,,-00.001506000000,   4.60000,
,,,-00.001504000000,   4.80000,
,,,-00.001502000000,   4.60000,
,,,-00.001500000000,   2.00000,
,,,-00.001498000000,   4.60000,
,,,-00.001496000000,   0.00000,
,,,-00.001494000000,   0.20000,
,,,-00.001492000000,   0.00000,
,,,-00.001490000000,   0.00000,
,,,-00.001488000000,  -0.20000,
,,,-00.001486000000,  -0.20000,
,,,-00.001484000000,   0.00000,
,,,-00.001482000000,  -0.20000,
,,,-00.001480000000,   0.00000,
,,,-00.001478000000,  -0.20000,
,,,-00.001476000000,  -0.20000,
,,,-00.001474000000,  -0.20000,
,,,-00.001472000000,  -0.20000,
,,,-00.001470000000,  -0.20000,
,,,-00.001468000000,   0.00000,
,,,-00.001466000000,  -0.20000,
,,,-00.001464000000,   0.00000,
,,,-00.001462000000,  -0.20000,
,,,-00.001460000000,  -0.20000,
,,,-00.001458000000,  -0.20000,
,,,-00.001456000000,   0.00000,
,,,-00.001454000000,  -0.20000,
,,,-00.001452000000,   0.00000,
,,,-00.001450000000,  -0.20000,
,,,-00.001448000000,  -0.20000,
,,,-00.001446000000,  -0.20000,
,,,-00.001444000000,   0.00000,
,,,-00.001442000000,  -0.20000,
,,,-00.001440000000,  -0.20000,
,,,-00.001438000000,  -0.20000,
,,,-00.001436000000,  -0.20000,
,,,-00.001434000000,  -0.20000,
,,,-00.001432000000,   0.00000,
,,,-00.001430000000,  -0.20000,
,,,-00.001428000000,   0.00000,
,,,-00.001426000000,  -0.20000,
,,,-00.001424000000,  -0.20000,
,,,-00.001422000000,  -0.40000,
,,,-00.001420000000,   0.00000,
,,,-00.001418000000,  -0.20000,
,,,-00.001416000000,   0.00000,
,,,-00.001414000000,  -0.20000,
,,,-00.001412000000,  -0.20000,
,,,-00.001410000000,  -0.20000,
,,,-00.001408000000,   0.00000,
,,,-00.001406000000,  -0.20000,
,,,-00.001404000000,   0.00000,
,,,-00.001402000000,  -0.20000,
,,,-00.001400000000,  -0.20000,
,,,-00.001398000000,  -0.20000,
,,,-00.001396000000,   0.00000,
,,,-00.001394000000,  -0.20000,
,,,-00.001392000000,  -0.20000,
,,,-00.001390000000,  -0.20000,
,,,-00.001388000000,  -0.20000,
,,,-00.001386000000,  -0.20000,
,,,-00.001384000000,   0.00000,
,,,-00.001382000000,  -0.20000,
,,,-00.001380000000,  -0.20000,
,,,-00.001378000000,  -0.20000,
,,,-00.001376000000,  -0.20000,
,,,-00.001374000000,  -0.20000,
,,,-00.001372000000,   0.00000,
,,,-00.001370000000,  -0.20000,
,,,-00.001368000000,  -0.20000,
,,,-00.001366000000,  -0.20000,
,,,-00.001364000000,  -0.20000,
,,,-00.001362000000,  -0.20000,
,,,-00.001360000000,   0.00000,
,,,-00.001358000000,  -0.20000,
,,,-00.001356000000,   0.00000,
,,,-00.001354000000,  -0.20000,
,,,-00.001352000000,  -0.20000,
,,,-00.001350000000,  -0.40000,
,,,-00.001348000000,   0.00000,
,,,-00.001346000000,  -0.20000,
,,,-00.001344000000,  -0.20000,
,,,-00.001342000000,  -0.20000,
,,,-00.001340000000,  -0.20000,
,,,-00.001338000000,  -0.20000,
,,,-00.001336000000,   0.00000,
,,,-00.001334000000,  -0.20000,
,,,-00.001332000000,   0.00000,
,,,-00.001330000000,  -0.20000,
,,,-00.001328000000,  -0.20000,
,,,-00.001326000000,  -0.20000,
,,,-00.001324000000,   0.00000,
,,,-00.001322000000,  -0.20000,
,,,-00.001320000000,   0.00000,
,,,-00.001318000000,  -0.20000,
,,,-00.001316000000,  -0.20000,
,,,-00.001314000000,  -0.20000,
,,,-00.001312000000,   0.00000,
,,,-00.001310000000,  -0.20000,
,,,-00.001308000000,  -0.20000,
,,,-00.001306000000,   0.00000,
,,,-00.001304000000,   0.00000,
,,,-00.001302000000,  -0.20000,
,,,-00.001300000000,   0.00000,
,,,-00.001298000000,  -0.20000,
,,,-00.001296000000,   0.00000,
,,,-00.001294000000,  -0.20000,
,,,-00.001292000000,  -0.20000,
,,,-00.001290000000,  -0.20000,
,,,-00.001288000000,   0.00000,
,,,-00.001286000000,  -0.20000,
,,,-00.001284000000,   0.00000,
,,,-00.001282000000,  -0.20000,
,,,-00.001280000000,   0.00000,
,,,-00.001278000000,  -0.20000,
,,,-00.001276000000,   0.00000,
,,,-00.001274000000,  -0.20000,
,,,-00.001272000000,   0.00000,
,,,-00.001270000000,  -0.20000,
,,,-00.001268000000,  -0.20000,
,,,-00.001266000000,  -0.20000,
,,,-00.001264000000,   0.00000,
,,,-00.001262000000,  -0.20000,
,,,-00.001260000000,  -0.20000,
,,,-00.001258000000,  -0.20000,
,,,-00.001256000000,  -0.20000,
,,,-00.001254000000,  -0.20000,
,,,-00.001252000000,   0.00000,
,,,-00.001250000000,  -0.20000,
,,,-00.001248000000,   0.00000,
,,,-00.001246000000,  -0.20000,
,,,-00.001244000000,  -0.20000,
,,,-00.001242000000,  -0.20000,
,,,-00.001240000000,   0.00000,
,,,-00.001238000000,  -0.20000,
,,,-00.001236000000,  -0.20000,
,,,-00.001234000000,  -0.20000,
,,,-00.001232000000,  -0.20000,
,,,-00.001230000000,  -0.20000,
,,,-00.001228000000,   0.00000,
,,,-00.001226000000,   0.00000,
,,,-00.001224000000,  -0.20000,
,,,-00.001222000000,  -0.20000,
,,,-00.001220000000,  -0.20000,
,,,-00.001218000000,  -0.20000,
,,,-00.001216000000,   0.00000,
,,,-00.001214000000,  -0.20000,
,,,-00.001212000000,  -0.20000,
,,,-00.001210000000,  -0.20000,
,,,-00.001208000000,  -0.20000,
,,,-00.001206000000,  -0.20000,
,,,-00.001204000000,   0.00000,
,,,-00.001202000000,  -0.20000,
,,,-00.001200000000,  -0.20000,
,,,-00.001198000000,  -0.20000,
,,,-00.001196000000,  -0.20000,
,,,-00.001194000000,  -0.20000,
,,,-00.001192000000,   0.00000,
,,,-00.001190000000,  -0.20000,
,,,-00.001188000000,  -0.20000,
,,,-00.001186000000,  -0.20000,
,,,-00.001184000000,  -0.20000,
,,,-00.001182000000,  -0.20000,
,,,-00.001180000000,   0.00000,
,,,-00.001178000000,  -0.20000,
,,,-00.001176000000,   0.00000,
,,,-00.001174000000,  -0.20000,
,,,-00.001172000000,   0.00000,
,,,-00.001170000000,  -0.20000,
,,,-00.001168000000,   0.00000,
,,,-00.001166000000,  -0.20000,
,,,-00.001164000000,   0.00000,
,,,-00.001162000000,  -0.20000,
,,,-00.001160000000,   0.00000,
,,,-00.001158000000,  -0.20000,
,,,-00.001156000000,   0.00000,
,,,-00.001154000000,  -0.20000,
,,,-00.001152000000,  -0.20000,
,,,-00.001150000000,  -0.20000,
,,,-00.001148000000,  -0.20000,
,,,-00.001146000000,  -0.40000,
,,,-00.001144000000,   0.00000,
,,,-00.001142000000,  -0.20000,
,,,-00.001140000000,  -0.20000,
,,,-00.001138000000,  -0.20000,
,,,-00.001136000000,  -0.20000,
,,,-00.001134000000,  -0.20000,
,,,-00.001132000000,   0.00000,
,,,-00.001130000000,  -0.20000,
,,,-00.001128000000,   0.00000,
,,,-00.001126000000,  -0.20000,
,,,-00.001124000000,  -0.20000,
,,,-00.001122000000,  -0.20000,
,,,-00.001120000000,   0.00000,
,,,-00.001118000000,  -0.20000,
,,,-00.001116000000,  -0.20000,
,,,-00.001114000000,  -0.20000,
,,,-00.001112000000,   0.00000,
,,,-00.001110000000,  -0.20000,
,,,-00.001108000000,   0.00000,
,,,-00.001106000000,  -0.20000,
,,,-00.001104000000,  -0.20000,
,,,-00.001102000000,  -0.20000,
,,,-00.001100000000,  -0.20000,
,,,-00.001098000000,  -0.20000,
,,,-00.001096000000,   0.00000,
,,,-00.001094000000,  -0.20000,
,,,-00.001092000000,   0.00000,
,,,-00.001090000000,  -0.20000,
,,,-00.001088000000,   0.00000,
,,,-00.001086000000,  -0.20000,
,,,-00.001084000000,  -0.20000,
,,,-00.001082000000,  -0.40000,
,,,-00.001080000000,  -0.20000,
,,,-00.001078000000,  -0.20000,
,,,-00.001076000000,  -0.20000,
,,,-00.001074000000,  -0.20000,
,,,-00.001072000000,   0.00000,
,,,-00.001070000000,  -0.20000,
,,,-00.001068000000,  -0.20000,
,,,-00.001066000000,  -0.20000,
,,,-00.001064000000,  -0.20000,
,,,-00.001062000000,  -0.20000,
,,,-00.001060000000,   0.00000,
,,,-00.001058000000,  -0.20000,
,,,-00.001056000000,   0.00000,
,,,-00.001054000000,  -0.20000,
,,,-00.001052000000,  -0.20000,
,,,-00.001050000000,  -0.20000,
,,,-00.001048000000,   0.00000,
,,,-00.001046000000,  -0.20000,
,,,-00.001044000000,  -0.20000,
,,,-00.001042000000,  -0.20000,
,,,-00.001040000000,  -0.20000,
,,,-00.001038000000,  -0.20000,
,,,-00.001036000000,   0.00000,
,,,-00.001034000000,  -0.20000,
,,,-00.001032000000,   0.00000,
,,,-00.001030000000,  -0.20000,
,,,-00.001028000000,  -0.20000,
,,,-00.001026000000,  -0.20000,
,,,-00.001024000000,   0.00000,
,,,-00.001022000000,  -0.20000,
,,,-00.001020000000,   0.00000,
,,,-00.001018000000,  -0.20000,
,,,-00.001016000000,  -0.20000,
,,,-00.001014000000,  -0.20000,
,,,-00.001012000000,   0.00000,
,,,-00.001010000000,  -0.20000,
,,,-00.001008000000,  -0.20000,
,,,-00.001006000000,  -0.20000,
,,,-00.001004000000,  -0.20000,
,,,-00.001002000000,  -0.40000,
,,,-00.001000000000,   0.00000,
,,,-00.000998000000,   2.40000,
,,,-00.000996000000,   4.60000,
,,,-00.000994000000,   4.40000,
,,,-00.000992000000,   4.60000,
,,,-00.000990000000,   4.60000,
,,,-00.000988000000,   4.80000,
,,,-00.000986000000,   4.60000,
,,,-00.000984000000,   4.80000,
,,,-00.000982000000,   4.60000,
,,,-00.000980000000,   4.60000,
,,,-00.000978000000,   4.60000,
,,,-00.000976000000,   4.80000,
,,,-00.000974000000,   4.60000,
,,,-00.000972000000,   4.80000,
,,,-00.000970000000,   4.80000,
,,,-00.000968000000,   4.60000,
,,,-00.000966000000,   4.60000,
,,,-00.000964000000,   4.80000,
,,,-00.000962000000,   4.60000,
,,,-00.000960000000,   4.80000,
,,,-00.000958000000,   4.60000,
,,,-00.000956000000,   4.80000,
,,,-00.000954000000,   4.60000,
,,,-00.000952000000,   4.80000,
,,,-00.000950000000,   4.60000,
,,,-00.000948000000,   4.80000,
,,,-00.000946000000,   4.60000,
,,,-00.000944000000,   4.60000,
,,,-00.000942000000,   4.60000,
,,,-00.000940000000,   4.80000,
,,,-00.000938000000,   4.80000,
,,,-00.000936000000,   4.80000,
,,,-00.000934000000,   4.80000,
,,,-00.000932000000,   4.60000,
,,,-00.000930000000,   4.60000,
,,,-00.000928000000,   4.80000,
,,,-00.000926000000,   4.60000,
,,,-00.000924000000,   4.80000,
,,,-00.000922000000,   4.80000,
,,,-00.000920000000,   4.80000,
,,,-00.000918000000,   4.60000,
,,,-00.000916000000,   4.80000,
,,,-00.000914000000,   4.60000,
,,,-00.000912000000,   4.80000,
,,,-00.000910000000,   4.60000,
,,,-00.000908000000,   4.80000,
,,,-00.000906000000,   4.60000,
,,,-00.000904000000,   4.80000,
,,,-00.000902000000,   4.60000,
,,,-00.000900000000,   4.60000,
,,,-00.000898000000,   4.60000,
,,,-00.000896000000,   4.80000,
,,,-00.000894000000,   4.60000,
,,,-00.000892000000,   4.80000,
,,,-00.000890000000,   4.60000,
,,,-00.000888000000,   4.80000,
,,,-00.000886000000,   4.60000,
,,,-00.000884000000,   4.80000,
,,,-00.000882000000,   4.60000,
,,,-00.000880000000,   4.80000,
,,,-00.000878000000,   4.60000,
,,,-00.000876000000,   4.80000,
,,,-00.000874000000,   4.60000,
,,,-00.000872000000,   4.80000,
,,,-00.000870000000,   4.60000,
,,,-00.000868000000,   4.80000,
,,,-00.000866000000,   4.60000,
,,,-00.000864000000,   4.80000,
,,,-00.000862000000,   4.60000,
,,,-00.000860000000,   4.60000,
,,,-00.000858000000,   4.60000,
,,,-00.000856000000,   4.80000,
,,,-00.000854000000,   4.60000,
,,,-00.000852000000,   4.80000,
,,,-00.000850000000,   4.80000,
,,,-00.000848000000,   4.80000,
,,,-00.000846000000,   4.60000,
,,,-00.000844000000,   4.80000,
,,,-00.000842000000,   4.60000,
,,,-00.000840000000,   4.80000,
,,,-00.000838000000,   4.60000,
,,,-00.000836000000,   4.80000,
,,,-00.000834000000,   4.60000,
,,,-00.000832000000,   4.80000,
,,,-00.000830000000,   4.60000,
,,,-00.000828000000,   4.80000,
,,,-00.000826000000,   4.60000,
,,,-00.000824000000,   4.60000,
,,,-00.000822000000,   4.60000,
,,,-00.000820000000,   4.80000,
,,,-00.000818000000,   4.60000,
,,,-00.000816000000,   4.80000,
,,,-00.000814000000,   4.60000,
,,,-00.000812000000,   4.60000,
,,,-00.000810000000,   4.60000,
,,,-00.000808000000,   4.80000,
,,,-00.000806000000,   4.60000,
,,,-00.000804000000,   4.80000,
,,,-00.000802000000,   4.60000,
,,,-00.000800000000,   4.80000,
,,,-00.000798000000,   4.60000,
,,,-00.000796000000,   4.80000,
,,,-00.000794000000,   4.60000,
,,,-00.000792000000,   4.80000,
,,,-00.000790000000,   4.80000,
,,,-00.000788000000,   4.80000,
,,,-00.000786000000,   4.60000,
,,,-00.000784000000,   4.80000,
,,,-00.000782000000,   4.60000,
,,,-00.000780000000,   4.60000,
,,,-00.000778000000,   4.60000,
,,,-00.000776000000,   4.60000,
,,,-00.000774000000,   4.60000,
,,,-00.000772000000,   4.80000,
,,,-00.000770000000,   4.60000,
,,,-00.000768000000,   4.80000,
,,,-00.000766000000,   4.60000,
,,,-00.000764000000,   4.60000,
,,,-00.000762000000,   4.60000,
,,,-00.000760000000,   4.80000,
,,,-00.000758000000,   4.60000,
,,,-00.000756000000,   4.80000,
,,,-00.000754000000,   4.60000,
,,,-00.000752000000,   4.80000,
,,,-00.000750000000,   4.60000,
,,,-00.000748000000,   4.80000,
,,,-00.000746000000,   4.60000,
,,,-00.000744000000,   4.80000,
,,,-00.000742000000,   4.60000,
,,,-00.000740000000,   4.60000,
,,,-00.000738000000,   4.60000,
,,,-00.000736000000,   4.80000,
,,,-00.000734000000,   4.60000,
,,,-00.000732000000,   4.80000,
,,,-00.000730000000,   4.60000,
,,,-00.000728000000,   4.80000,
,,,-00.000726000000,   4.60000,
,,,-00.000724000000,   4.80000,
,,,-00.000722000000,   4.60000,
,,,-00.000720000000,   4.60000,
,,,-00.000718000000,   4.60000,
,,,-00.000716000000,   4.60000,
,,,-00.000714000000,   4.60000,
,,,-00.000712000000,   4.80000,
,,,-00.000710000000,   4.60000,
,,,-00.000708000000,   4.80000,
,,,-00.000706000000,   4.80000,
,,,-00.000704000000,   4.60000,
,,,-00.000702000000,   4.60000,
,,,-00.000700000000,   4.80000,
,,,-00.000698000000,   4.60000,
,,,-00.000696000000,   4.80000,
,,,-00.000694000000,   4.60000,
,,,-00.000692000000,   4.80000,
,,,-00.000690000000,   4.60000,
,,,-00.000688000000,   4.80000,
,,,-00.000686000000,   4.60000,
,,,-00.000684000000,   4.60000,
,,,-00.000682000000,   4.60000,
,,,-00.000680000000,   4.60000,
,,,-00.000678000000,   4.60000,
,,,-00.000676000000,   4.80000,
,,,-00.000674000000,   4.80000,
,,,-00.000672000000,   4.80000,
,,,-00.000670000000,   4.60000,
,,,-00.000668000000,   4.60000,
,,,-00.000666000000,   4.60000,
,,,-00.000664000000,   4.80000,
,,,-00.000662000000,   4.60000,
,,,-00.000660000000,   4.80000,
,,,-00.000658000000,   4.60000,
,,,-00.000656000000,   4.80000,
,,,-00.000654000000,   4.60000,
,,,-00.000652000000,   4.80000,
,,,-00.000650000000,   4.60000,
,,,-00.000648000000,   4.80000,
,,,-00.000646000000,   4.80000,
,,,-00.000644000000,   4.60000,
,,,-00.000642000000,   4.60000,
,,,-00.000640000000,   4.80000,
,,,-00.000638000000,   4.80000,
,,,-00.000636000000,   4.80000,
,,,-00.000634000000,   4.60000,
,,,-00.000632000000,   4.60000,
,,,-00.000630000000,   4.60000,
,,,-00.000628000000,   4.80000,
,,,-00.000626000000,   4.60000,
,,,-00.000624000000,   4.80000,
,,,-00.000622000000,   4.60000,
,,,-00.000620000000,   4.60000,
,,,-00.000618000000,   4.60000,
,,,-00.000616000000,   4.80000,
,,,-00.000614000000,   4.60000,
,,,-00.000612000000,   4.80000,
,,,-00.000610000000,   4.60000,
,,,-00.000608000000,   4.60000,
,,,-00.000606000000,   4.60000,
,,,-00.000604000000,   4.80000,
,,,-00.000602000000,   4.80000,
,,,-00.000600000000,   4.80000,
,,,-00.000598000000,   4.60000,
,,,-00.000596000000,   4.80000,
,,,-00.000594000000,   4.60000,
,,,-00.000592000000,   4.80000,
,,,-00.000590000000,   4.60000,
,,,-00.000588000000,   4.80000,
,,,-00.000586000000,   4.60000,
,,,-00.000584000000,   4.80000,
,,,-00.000582000000,   4.60000,
,,,-00.000580000000,   4.80000,
,,,-00.000578000000,   4.80000,
,,,-00.000576000000,   4.80000,
,,,-00.000574000000,   4.80000,
,,,-00.000572000000,   4.60000,
,,,-00.000570000000,   4.60000,
,,,-00.000568000000,   4.80000,
,,,-00.000566000000,   4.60000,
,,,-00.000564000000,   4.80000,
,,,-00.000562000000,   4.60000,
,,,-00.000560000000,   4.60000,
,,,-00.000558000000,   4.60000,
,,,-00.000556000000,   4.80000,
,,,-00.000554000000,   4.60000,
,,,-00.000552000000,   4.80000,
,,,-00.000550000000,   4.60000,
,,,-00.000548000000,   4.60000,
,,,-00.000546000000,   4.60000,
,,,-00.000544000000,   4.80000,
,,,-00.000542000000,   4.60000,
,,,-00.000540000000,   4.80000,
,,,-00.000538000000,   4.60000,
,,,-00.000536000000,   4.80000,
,,,-00.000534000000,   4.80000,
,,,-00.000532000000,   4.80000,
,,,-00.000530000000,   4.60000,
,,,-00.000528000000,   4.80000,
,,,-00.000526000000,   4.60000,
,,,-00.000524000000,   4.60000,
,,,-00.000522000000,   4.60000,
,,,-00.000520000000,   4.80000,
,,,-00.000518000000,   4.80000,
,,,-00.000516000000,   4.80000,
,,,-00.000514000000,   4.60000,
,,,-00.000512000000,   4.60000,
,,,-00.000510000000,   4.60000,
,,,-00.000508000000,   4.80000,
,,,-00.000506000000,   4.60000,
,,,-00.000504000000,   4.80000,
,,,-00.000502000000,   4.60000,
,,,-00.000500000000,   1.80000,
,,,-00.000498000000,   4.60000,
,,,-00.000496000000,   0.20000,
,,,-00.000494000000,   0.00000,
,,,-00.000492000000,   0.00000,
,,,-00.000490000000,  -0.20000,
,,,-00.000488000000,  -0.20000,
,,,-00.000486000000,  -0.20000,
,,,-00.000484000000,   0.00000,
,,,-00.000482000000,  -0.20000,
,,,-00.000480000000,   0.00000,
,,,-00.000478000000,  -0.20000,
,,,-00.000476000000,  -0.20000,
,,,-00.000474000000,  -0.20000,
,,,-00.000472000000,   0.00000,
,,,-00.000470000000,  -0.20000,
,,,-00.000468000000,   0.00000,
,,,-00.000466000000,  -0.20000,
,,,-00.000464000000,  -0.20000,
,,,-00.000462000000,  -0.20000,
,,,-00.000460000000,   0.00000,
,,,-00.000458000000,  -0.20000,
,,,-00.000456000000,   0.00000,
,,,-00.000454000000,  -0.20000,
,,,-00.000452000000,  -0.20000,
,,,-00.000450000000,  -0.20000,
,,,-00.000448000000,   0.00000,
,,,-00.000446000000,  -0.20000,
,,,-00.000444000000,  -0.20000,
,,,-00.000442000000,  -0.20000,
,,,-00.000440000000,  -0.20000,
,,,-00.000438000000,  -0.20000,
,,,-00.000436000000,   0.00000,
,,,-00.000434000000,  -0.20000,
,,,-00.000432000000,   0.00000,
,,,-00.000430000000,  -0.20000,
,,,-00.000428000000,  -0.20000,
,,,-00.000426000000,  -0.40000,
,,,-00.000424000000,   0.00000,
,,,-00.000422000000,  -0.20000,
,,,-00.000420000000,  -0.20000,
,,,-00.000418000000,  -0.20000,
,,,-00.000416000000,  -0.20000,
,,,-00.000414000000,  -0.40000,
,,,-00.000412000000,   0.00000,
,,,-00.000410000000,  -0.20000,
,,,-00.000408000000,  -0.20000,
,,,-00.000406000000,  -0.20000,
,,,-00.000404000000,  -0.20000,
,,,-00.000402000000,  -0.20000,
,,,-00.000400000000,   0.00000,
,,,-00.000398000000,  -0.20000,
,,,-00.000396000000,   0.00000,
,,,-00.000394000000,  -0.20000,
,,,-00.000392000000,  -0.20000,
,,,-00.000390000000,  -0.20000,
,,,-00.000388000000,   0.00000,
,,,-00.000386000000,  -0.20000,
,,,-00.000384000000,   0.00000,
,,,-00.000382000000,  -0.20000,
,,,-00.000380000000,  -0.20000,
,,,-00.000378000000,  -0.20000,
,,,-00.000376000000,   0.00000,
,,,-00.000374000000,  -0.20000,
,,,-00.000372000000,  -0.20000,
,,,-00.000370000000,  -0.20000,
,,,-00.000368000000,  -0.20000,
,,,-00.000366000000,  -0.20000,
,,,-00.000364000000,   0.00000,
,,,-00.000362000000,  -0.20000,
,,,-00.000360000000,  -0.20000,
,,,-00.000358000000,  -0.20000,
,,,-00.000356000000,  -0.20000,
,,,-00.000354000000,  -0.20000,
,,,-00.000352000000,   0.00000,
,,,-00.000350000000,  -0.20000,
,,,-00.000348000000,   0.00000,
,,,-00.000346000000,  -0.20000,
,,,-00.000344000000,  -0.20000,
,,,-00.000342000000,  -0.20000,
,,,-00.000340000000,   0.00000,
,,,-00.000338000000,  -0.20000,
,,,-00.000336000000,   0.00000,
,,,-00.000334000000,  -0.20000,
,,,-00.000332000000,  -0.20000,
,,,-00.000330000000,  -0.20000,
,,,-00.000328000000,   0.00000,
,,,-00.000326000000,  -0.20000,
,,,-00.000324000000,  -0.20000,
,,,-00.000322000000,  -0.20000,
,,,-00.000320000000,  -0.20000,
,,,-00.000318000000,  -0.20000,
,,,-00.000316000000,   0.00000,
,,,-00.000314000000,  -0.20000,
,,,-00.000312000000,  -0.20000,
,,,-00.000310000000,  -0.20000,
,,,-00.000308000000,  -0.20000,
,,,-00.000306000000,  -0.20000,
,,,-00.000304000000,   0.00000,
,,,-00.000302000000,  -0.20000,
,,,-00.000300000000,  -0.20000,
,,,-00.000298000000,  -0.20000,
,,,-00.000296000000,  -0.20000,
,,,-00.000294000000,  -0.20000,
,,,-00.000292000000,  -0.20000,
,,,-00.000290000000,  -0.20000,
,,,-00.000288000000,  -0.20000,
,,,-00.000286000000,   0.00000,
,,,-00.000284000000,  -0.20000,
,,,-00.000282000000,  -0.20000,
,,,-00.000280000000,   0.00000,
,,,-00.000278000000,  -0.20000,
,,,-00.000276000000,  -0.20000,
,,,-00.000274000000,  -0.20000,
,,,-00.000272000000,  -0.20000,
,,,-00.000270000000,  -0.20000,
,,,-00.000268000000,   0.00000,
,,,-00.000266000000,  -0.20000,
,,,-00.000264000000,  -0.20000,
,,,-00.000262000000,  -0.20000,
,,,-00.000260000000,  -0.20000,
,,,-00.000258000000,  -0.20000,
,,,-00.000256000000,   0.00000,
,,,-00.000254000000,  -0.20000,
,,,-00.000252000000,  -0.20000,
,,,-00.000250000000,  -0.20000,
,,,-00.000248000000,  -0.20000,
,,,-00.000246000000,  -0.20000,
,,,-00.000244000000,   0.00000,
,,,-00.000242000000,  -0.20000,
,,,-00.000240000000,  -0.20000,
,,,-00.000238000000,  -0.20000,
,,,-00.000236000000,  -0.20000,
,,,-00.000234000000,  -0.20000,
,,,-00.000232000000,   0.00000,
,,,-00.000230000000,  -0.20000,
,,,-00.000228000000,  -0.20000,
,,,-00.000226000000,  -0.20000,
,,,-00.000224000000,  -0.20000,
,,,-00.000222000000,  -0.20000,
,,,-00.000220000000,   0.00000,
,,,-00.000218000000,  -0.20000,
,,,-00.000216000000,   0.00000,
,,,-00.000214000000,  -0.20000,
,,,-00.000212000000,  -0.20000,
,,,-00.000210000000,  -0.40000,
,,,-00.000208000000,  -0.20000,
,,,-00.000206000000,  -0.20000,
,,,-00.000204000000,  -0.20000,
,,,-00.000202000000,  -0.20000,
,,,-00.000200000000,  -0.20000,
,,,-00.000198000000,  -0.20000,
,,,-00.000196000000,   0.00000,
,,,-00.000194000000,  -0.20000,
,,,-00.000192000000,   0.00000,
,,,-00.000190000000,  -0.20000,
,,,-00.000188000000,  -0.20000,
,,,-00.000186000000,  -0.20000,
,,,-00.000184000000,   0.00000,
,,,-00.000182000000,  -0.20000,
,,,-00.000180000000,  -0.20000,
,,,-00.000178000000,  -0.20000,
,,,-00.000176000000,   0.00000,
,,,-00.000174000000,  -0.20000,
,,,-00.000172000000,   0.00000,
,,,-00.000170000000,  -0.20000,
,,,-00.000168000000,   0.00000,
,,,-00.000166000000,  -0.20000,
,,,-00.000164000000,  -0.20000,
,,,-00.000162000000,  -0.40000,
,,,-00.000160000000,   0.00000,
,,,-00.000158000000,  -0.20000,
,,,-00.000156000000,  -0.20000,
,,,-00.000154000000,  -0.20000,
,,,-00.000152000000,  -0.20000,
,,,-00.000150000000,  -0.20000,
,,,-00.000148000000,   0.00000,
,,,-00.000146000000,  -0.20000,
,,,-00.000144000000,  -0.20000,
,,,-00.000142000000,  -0.20000,
,,,-00.000140000000,  -0.20000,
,,,-00.000138000000,  -0.20000,
,,,-00.000136000000,   0.00000,
,,,-00.000134000000,  -0.20000,
,,,-00.000132000000,   0.00000,
,,,-00.000130000000,  -0.20000,
,,,-00.000128000000,  -0.20000,
,,,-00.000126000000,  -0.20000,
,,,-00.000124000000,   0.00000,
,,,-00.000122000000,  -0.20000,
,,,-00.000120000000,  -0.20000,
,,,-00.000118000000,  -0.20000,
,,,-00.000116000000,  -0.20000,
,,,-00.000114000000,  -0.20000,
,,,-00.000112000000,   0.00000,
,,,-00.000110000000,  -0.20000,
,,,-00.000108000000,   0.00000,
,,,-00.000106000000,  -0.20000,
,,,-00.000104000000,  -0.20000,
,,,-00.000102000000,  -0.40000,
,,,-00.000100000000,   0.00000,
,,,-00.000098000000,  -0.20000,
,,,-00.000096000000,  -0.20000,
,,,-00.000094000000,  -0.20000,
,,,-00.000092000000,   0.00000,
,,,-00.000090000000,  -0.40000,
,,,-00.000088000000,   0.00000,
,,,-00.000086000000,  -0.20000,
,,,-00.000084000000,   0.00000,
,,,-00.000082000000,  -0.20000,
,,,-00.000080000000,   0.00000,
,,,-00.000078000000,  -0.20000,
,,,-00.000076000000,   0.00000,
,,,-00.000074000000,  -0.20000,
,,,-00.000072000000,   0.00000,
,,,-00.000070000000,  -0.20000,
,,,-00.000068000000,  -0.20000,
,,,-00.000066000000,  -0.20000,
,,,-00.000064000000,   0.00000,
,,,-00.000062000000,  -0.20000,
,,,-00.000060000000,  -0.20000,
,,,-00.000058000000,  -0.20000,
,,,-00.000056000000,  -0.20000,
,,,-00.000054000000,  -0.20000,
,,,-00.000052000000,   0.00000,
,,,-00.000050000000,  -0.20000,
,,,-00.000048000000,  -0.20000,
,,,-00.000046000000,  -0.20000,
,,,-00.000044000000,   0.00000,
,,,-00.000042000000,  -0.20000,
,,,-00.000040000000,   0.00000,
,,,-00.000038000000,   0.00000,
,,,-00.000036000000,   0.00000,
,,,-00.000034000000,  -0.20000,
,,,-00.000032000000,  -0.20000,
,,,-00.000030000000,  -0.20000,
,,,-00.000028000000,   0.00000,
,,,-00.000026000000,  -0.20000,
,,,-00.000024000000,   0.00000,
,,,-00.000022000000,  -0.20000,
,,,-00.000020000000,  -0.20000,
,,,-00.000018000000,  -0.20000,
,,,-00.000016000000,   0.00000,
,,,-00.000014000000,  -0.20000,
,,,-00.000012000000,  -0.20000,
,,,-00.000010000000,  -0.20000,
,,,-00.000008000000,  -0.20000,
,,,-00.000006000000,  -0.20000,
,,,-00.000004000000,   0.00000,
,,,-00.000002000000,  -0.20000,
,,,-00.000000000000,   0.00000,
,,,00.000002000000,   3.00000,
,,,00.000004000000,   4.40000,
,,,00.000006000000,   4.40000,
,,,00.000008000000,   4.80000,
,,,00.000010000000,   4.60000,
,,,00.000012000000,   4.80000,
,,,00.000014000000,   4.60000,
,,,00.000016000000,   4.80000,
,,,00.000018000000,   4.60000,
,,,00.000020000000,   4.80000,
,,,00.000022000000,   4.60000,
,,,00.000024000000,   4.60000,
,,,00.000026000000,   4.60000,
,,,00.000028000000,   4.60000,
,,,00.000030000000,   4.60000,
,,,00.000032000000,   4.80000,
,,,00.000034000000,   4.60000,
,,,00.000036000000,   4.80000,
,,,00.000038000000,   4.80000,
,,,00.000040000000,   4.80000,
,,,00.000042000000,   4.60000,
,,,00.000044000000,   4.80000,
,,,00.000046000000,   4.60000,
,,,00.000048000000,   4.80000,
,,,00.000050000000,   4.60000,
,,,00.000052000000,   4.60000,
,,,00.000054000000,   4.60000,
,,,00.000056000000,   4.80000,
,,,00.000058000000,   4.60000,
,,,00.000060000000,   4.80000,
,,,00.000062000000,   4.60000,
,,,00.000064000000,   4.60000,
,,,00.000066000000,   4.60000,
,,,00.000068000000,   4.80000,
,,,00.000070000000,   4.60000,
,,,00.000072000000,   4.80000,
,,,00.000074000000,   4.60000,
,,,00.000076000000,   4.60000,
,,,00.000078000000,   4.60000,
,,,00.000080000000,   4.80000,
,,,00.000082000000,   4.60000,
,,,00.000084000000,   4.80000,
,,,00.000086000000,   4.60000,
,,,00.000088000000,   4.60000,
,,,00.000090000000,   4.60000,
,,,00.000092000000,   4.80000,
,,,00.000094000000,   4.60000,
,,,00.000096000000,   4.80000,
,,,00.000098000000,   4.60000,
,,,00.000100000000,   4.60000,
,,,00.000102000000,   4.60000,
,,,00.000104000000,   4.80000,
,,,00.000106000000,   4.60000,
,,,00.000108000000,   4.80000,
,,,00.000110000000,   4.60000,
,,,00.000112000000,   4.60000,
,,,00.000114000000,   4.60000,
,,,00.000116000000,   4.80000,
,,,00.000118000000,   4.80000,
,,,00.000120000000,   4.80000,
,,,00.000122000000,   4.60000,
,,,00.000124000000,   4.60000,
,,,00.000126000000,   4.60000,
,,,00.000128000000,   4.80000,
,,,00.000130000000,   4.60000,
,,,00.000132000000,   4.80000,
,,,00.000134000000,   4.60000,
,,,00.000136000000,   4.80000,
,,,00.000138000000,   4.60000,
,,,00.000140000000,   4.80000,
,,,00.000142000000,   4.60000,
,,,00.000144000000,   4.80000,
,,,00.000146000000,   4.60000,
,,,00.000148000000,   4.80000,
,,,00.000150000000,   4.60000,
,,,00.000152000000,   4.80000,
,,,00.000154000000,   4.60000,
,,,00.000156000000,   4.80000,
,,,00.000158000000,   4.80000,
,,,00.000160000000,   4.80000,
,,,00.000162000000,   4.60000,
,,,00.000164000000,   4.80000,
,,,00.000166000000,   4.60000,
,,,00.000168000000,   4.80000,
,,,00.000170000000,   4.80000,
,,,00.000172000000,   4.60000,
,,,00.000174000000,   4.60000,
,,,00.000176000000,   4.80000,
,,,00.000178000000,   4.60000,
,,,00.000180000000,   4.80000,
,,,00.000182000000,   4.60000,
,,,00.000184000000,   4.60000,
,,,00.000186000000,   4.60000,
,,,00.000188000000,   4.80000,
,,,00.000190000000,   4.60000,
,,,00.000192000000,   4.80000,
,,,00.000194000000,   4.60000,
,,,00.000196000000,   4.60000,
,,,00.000198000000,   4.60000,
,,,00.000200000000,   4.80000,
,,,00.000202000000,   4.60000,
,,,00.000204000000,   4.80000,
,,,00.000206000000,   4.60000,
,,,00.000208000000,   4.60000,
,,,00.000210000000,   4.60000,
,,,00.000212000000,   4.80000,
,,,00.000214000000,   4.60000,
,,,00.000216000000,   4.80000,
,,,00.000218000000,   4.60000,
,,,00.000220000000,   4.60000,
,,,00.000222000000,   4.60000,
,,,00.000224000000,   4.80000,
,,,00.000226000000,   4.60000,
,,,00.000228000000,   4.80000,
,,,00.000230000000,   4.60000,
,,,00.000232000000,   4.80000,
,,,00.000234000000,   4.60000,
,,,00.000236000000,   4.80000,
,,,00.000238000000,   4.80000,
,,,00.000240000000,   4.80000,
,,,00.000242000000,   4.60000,
,,,00.000244000000,   4.80000,
,,,00.000246000000,   4.60000,
,,,00.000248000000,   4.80000,
,,,00.000250000000,   4.80000,
,,,00.000252000000,   4.80000,
,,,00.000254000000,   4.60000,
,,,00.000256000000,   4.60000,
,,,00.000258000000,   4.60000,
,,,00.000260000000,   4.80000,
,,,00.000262000000,   4.60000,
,,,00.000264000000,   4.80000,
,,,00.000266000000,   4.60000,
,,,00.000268000000,   4.60000,
,,,00.000270000000,   4.60000,
,,,00.000272000000,   4.80000,
,,,00.000274000000,   4.60000,
,,,00.000276000000,   4.80000,
,,,00.000278000000,   4.60000,
,,,00.000280000000,   4.60000,
,,,00.000282000000,   4.60000,
,,,00.000284000000,   5.00000,
,,,00.000286000000,   4.60000,
,,,00.000288000000,   4.80000,
,,,00.000290000000,   4.60000,
,,,00.000292000000,   4.60000,
,,,00.000294000000,   4.60000,
,,,00.000296000000,   4.80000,
,,,00.000298000000,   4.80000,
,,,00.000300000000,   4.80000,
,,,00.000302000000,   4.60000,
,,,00.000304000000,   4.60000,
,,,00.000306000000,   4.60000,
,,,00.000308000000,   4.80000,
,,,00.000310000000,   4.60000,
,,,00.000312000000,   4.80000,
,,,00.000314000000,   4.60000,
,,,00.000316000000,   4.60000,
,,,00.000318000000,   4.60000,
,,,00.000320000000,   4.80000,
,,,00.000322000000,   4.60000,
,,,00.000324000000,   4.60000,
,,,00.000326000000,   4.60000,
,,,00.000328000000,   4.60000,
,,,00.000330000000,   4.60000,
,,,00.000332000000,   4.80000,
,,,00.000334000000,   4.80000,
,,,00.000336000000,   4.80000,
,,,00.000338000000,   4.60000,
,,,00.000340000000,   4.60000,
,,,00.000342000000,   4.60000,
,,,00.000344000000,   4.80000,
,,,00.000346000000,   4.60000,
,,,00.000348000000,   4.80000,
,,,00.000350000000,   4.80000,
,,,00.000352000000,   4.60000,
,,,00.000354000000,   4.60000,
,,,00.000356000000,   4.80000,
,,,00.000358000000,   4.60000,
,,,00.000360000000,   4.80000,
,,,00.000362000000,   4.60000,
,,,00.000364000000,   4.60000,
,,,00.000366000000,   4.60000,
,,,00.000368000000,   4.80000,
,,,00.000370000000,   4.60000,
,,,00.000372000000,   4.80000,
,,,00.000374000000,   4.60000,
,,,00.000376000000,   4.80000,
,,,00.000378000000,   4.60000,
,,,00.000380000000,   4.80000,
,,,00.000382000000,   4.80000,
,,,00.000384000000,   4.80000,
,,,00.000386000000,   4.60000,
,,,00.000388000000,   4.60000,
,,,00.000390000000,   4.80000,
,,,00.000392000000,   4.80000,
,,,00.000394000000,   4.60000,
,,,00.000396000000,   4.80000,
,,,00.000398000000,   4.60000,
,,,00.000400000000,   4.80000,
,,,00.000402000000,   4.60000,
,,,00.000404000000,   4.80000,
,,,00.000406000000,   4.60000,
,,,00.000408000000,   4.80000,
,,,00.000410000000,   4.60000,
,,,00.000412000000,   4.60000,
,,,00.000414000000,   4.60000,
,,,00.000416000000,   4.80000,
,,,00.000418000000,   4.60000,
,,,00.000420000000,   4.80000,
,,,00.000422000000,   4.60000,
,,,00.000424000000,   4.80000,
,,,00.000426000000,   4.60000,
,,,00.000428000000,   4.80000,
,,,00.000430000000,   4.60000,
,,,00.000432000000,   4.80000,
,,,00.000434000000,   4.60000,
,,,00.000436000000,   4.60000,
,,,00.000438000000,   4.60000,
,,,00.000440000000,   4.80000,
,,,00.000442000000,   4.60000,
,,,00.000444000000,   4.80000,
,,,00.000446000000,   4.60000,
,,,00.000448000000,   4.60000,
,,,00.000450000000,   4.60000,
,,,00.000452000000,   4.80000,
,,,00.000454000000,   4.80000,
,,,00.000456000000,   4.80000,
,,,00.000458000000,   4.80000,
,,,00.000460000000,   4.80000,
,,,00.000462000000,   4.60000,
,,,00.000464000000,   4.80000,
,,,00.000466000000,   4.60000,
,,,00.000468000000,   4.80000,
,,,00.000470000000,   4.60000,
,,,00.000472000000,   4.60000,
,,,00.000474000000,   4.60000,
,,,00.000476000000,   4.80000,
,,,00.000478000000,   4.60000,
,,,00.000480000000,   4.80000,
,,,00.000482000000,   4.80000,
,,,00.000484000000,   4.60000,
,,,00.000486000000,   4.60000,
,,,00.000488000000,   4.80000,
,,,00.000490000000,   4.60000,
,,,00.000492000000,   4.80000,
,,,00.000494000000,   4.60000,
,,,00.000496000000,   4.60000,
,,,00.000498000000,   4.60000,
,,,00.000500000000,   2.00000,
,,,00.000502000000,   4.60000,
,,,00.000504000000,   0.20000,
,,,00.000506000000,   0.00000,
,,,00.000508000000,  -0.20000,
,,,00.000510000000,  -0.20000,
,,,00.000512000000,   0.00000,
,,,00.000514000000,  -0.20000,
,,,00.000516000000,   0.00000,
,,,00.000518000000,  -0.20000,
,,,00.000520000000,  -0.20000,
,,,00.000522000000,  -0.20000,
,,,00.000524000000,   0.00000,
,,,00.000526000000,  -0.20000,
,,,00.000528000000,  -0.20000,
,,,00.000530000000,  -0.20000,
,,,00.000532000000,  -0.20000,
,,,00.000534000000,  -0.20000,
,,,00.000536000000,   0.00000,
,,,00.000538000000,  -0.20000,
,,,00.000540000000,  -0.20000,
,,,00.000542000000,  -0.20000,
,,,00.000544000000,  -0.20000,
,,,00.000546000000,  -0.20000,
,,,00.000548000000,   0.00000,
,,,00.000550000000,  -0.20000,
,,,00.000552000000,   0.00000,
,,,00.000554000000,  -0.20000,
,,,00.000556000000,  -0.20000,
,,,00.000558000000,  -0.20000,
,,,00.000560000000,   0.00000,
,,,00.000562000000,  -0.20000,
,,,00.000564000000,  -0.20000,
,,,00.000566000000,  -0.20000,
,,,00.000568000000,  -0.20000,
,,,00.000570000000,  -0.20000,
,,,00.000572000000,   0.00000,
,,,00.000574000000,  -0.20000,
,,,00.000576000000,  -0.20000,
,,,00.000578000000,  -0.20000,
,,,00.000580000000,  -0.20000,
,,,00.000582000000,  -0.20000,
,,,00.000584000000,   0.00000,
,,,00.000586000000,  -0.20000,
,,,00.000588000000,  -0.20000,
,,,00.000590000000,  -0.20000,
,,,00.000592000000,  -0.20000,
,,,00.000594000000,  -0.20000,
,,,00.000596000000,   0.00000,
,,,00.000598000000,   0.00000,
,,,00.000600000000,   0.00000,
,,,00.000602000000,  -0.20000,
,,,00.000604000000,  -0.20000,
,,,00.000606000000,  -0.40000,
,,,00.000608000000,   0.00000,
,,,00.000610000000,  -0.20000,
,,,00.000612000000,  -0.20000,
,,,00.000614000000,  -0.20000,
,,,00.000616000000,  -0.20000,
,,,00.000618000000,  -0.20000,
,,,00.000620000000,   0.00000,
,,,00.000622000000,  -0.20000,
,,,00.000624000000,  -0.20000,
,,,00.000626000000,  -0.20000,
,,,00.000628000000,  -0.20000,
,,,00.000630000000,  -0.20000,
,,,00.000632000000,   0.00000,
,,,00.000634000000,  -0.20000,
,,,00.000636000000,   0.00000,
,,,00.000638000000,  -0.20000,
,,,00.000640000000,  -0.20000,
,,,00.000642000000,  -0.20000,
,,,00.000644000000,   0.00000,
,,,00.000646000000,  -0.20000,
,,,00.000648000000,  -0.20000,
,,,00.000650000000,  -0.20000,
,,,00.000652000000,  -0.20000,
,,,00.000654000000,  -0.40000,
,,,00.000656000000,   0.00000,
,,,00.000658000000,  -0.20000,
,,,00.000660000000,  -0.20000,
,,,00.000662000000,  -0.20000,
,,,00.000664000000,  -0.20000,
,,,00.000666000000,  -0.20000,
,,,00.000668000000,   0.00000,
,,,00.000670000000,  -0.20000,
,,,00.000672000000,   0.00000,
,,,00.000674000000,  -0.20000,
,,,00.000676000000,   0.00000,
,,,00.000678000000,  -0.20000,
,,,00.000680000000,   0.00000,
,,,00.000682000000,  -0.20000,
,,,00.000684000000,   0.00000,
,,,00.000686000000,  -0.20000,
,,,00.000688000000,  -0.20000,
,,,00.000690000000,  -0.20000,
,,,00.000692000000,   0.00000,
,,,00.000694000000,  -0.20000,
,,,00.000696000000,  -0.20000,
,,,00.000698000000,  -0.20000,
,,,00.000700000000,  -0.20000,
,,,00.000702000000,  -0.20000,
,,,00.000704000000,   0.00000,
,,,00.000706000000,  -0.20000,
,,,00.000708000000,   0.00000,
,,,00.000710000000,   0.00000,
,,,00.000712000000,  -0.20000,
,,,00.000714000000,  -0.20000,
,,,00.000716000000,   0.00000,
,,,00.000718000000,  -0.20000,
,,,00.000720000000,  -0.20000,
,,,00.000722000000,  -0.20000,
,,,00.000724000000,  -0.20000,
,,,00.000726000000,  -0.20000,
,,,00.000728000000,   0.00000,
,,,00.000730000000,  -0.20000,
,,,00.000732000000,  -0.20000,
,,,00.000734000000,  -0.20000,
,,,00.000736000000,  -0.20000,
,,,00.000738000000,  -0.20000,
,,,00.000740000000,   0.00000,
,,,00.000742000000,  -0.20000,
,,,00.000744000000,  -0.20000,
,,,00.000746000000,  -0.20000,
,,,00.000748000000,   0.00000,
,,,00.000750000000,  -0.40000,
,,,00.000752000000,   0.00000,
,,,00.000754000000,  -0.20000,
,,,00.000756000000,  -0.20000,
,,,00.000758000000,  -0.20000,
,,,00.000760000000,  -0.20000,
,,,00.000762000000,  -0.20000,
,,,00.000764000000,   0.00000,
,,,00.000766000000,  -0.20000,
,,,00.000768000000,   0.00000,
,,,00.000770000000,  -0.20000,
,,,00.000772000000,   0.00000,
,,,00.000774000000,  -0.20000,
,,,00.000776000000,   0.00000,
,,,00.000778000000,  -0.20000,
,,,00.000780000000,  -0.20000,
,,,00.000782000000,  -0.20000,
,,,00.000784000000,  -0.20000,
,,,00.000786000000,  -0.20000,
,,,00.000788000000,   0.00000,
,,,00.000790000000,  -0.20000,
,,,00.000792000000,   0.00000,
,,,00.000794000000,  -0.20000,
,,,00.000796000000,  -0.20000,
,,,00.000798000000,  -0.20000,
,,,00.000800000000,   0.00000,
,,,00.000802000000,  -0.20000,
,,,00.000804000000,   0.00000,
,,,00.000806000000,  -0.20000,
,,,00.000808000000,  -0.20000,
,,,00.000810000000,  -0.40000,
,,,00.000812000000,   0.00000,
,,,00.000814000000,  -0.20000,
,,,00.000816000000,  -0.20000,
,,,00.000818000000,  -0.20000,
,,,00.000820000000,  -0.20000,
,,,00.000822000000,  -0.20000,
,,,00.000824000000,   0.00000,
,,,00.000826000000,  -0.20000,
,,,00.000828000000,   0.00000,
,,,00.000830000000,  -0.20000,
,,,00.000832000000,  -0.20000,
,,,00.000834000000,  -0.20000,
,,,00.000836000000,   0.00000,
,,,00.000838000000,  -0.20000,
,,,00.000840000000,   0.00000,
,,,00.000842000000,  -0.20000,
,,,00.000844000000,  -0.20000,
,,,00.000846000000,  -0.20000,
,,,00.000848000000,   0.00000,
,,,00.000850000000,   0.00000,
,,,00.000852000000,  -0.20000,
,,,00.000854000000,  -0.20000,
,,,00.000856000000,  -0.20000,
,,,00.000858000000,  -0.20000,
,,,00.000860000000,   0.00000,
,,,00.000862000000,  -0.20000,
,,,00.000864000000,   0.00000,
,,,00.000866000000,  -0.20000,
,,,00.000868000000,  -0.20000,
,,,00.000870000000,  -0.20000,
,,,00.000872000000,   0.00000,
,,,00.000874000000,  -0.20000,
,,,00.000876000000,   0.00000,
,,,00.000878000000,  -0.20000,
,,,00.000880000000,  -0.20000,
,,,00.000882000000,  -0.20000,
,,,00.000884000000,   0.00000,
,,,00.000886000000,  -0.20000,
,,,00.000888000000,   0.00000,
,,,00.000890000000,  -0.20000,
,,,00.000892000000,  -0.20000,
,,,00.000894000000,  -0.20000,
,,,00.000896000000,   0.00000,
,,,00.000898000000,  -0.20000,
,,,00.000900000000,   0.00000,
,,,00.000902000000,  -0.20000,
,,,00.000904000000,  -0.20000,
,,,00.000906000000,  -0.20000,
,,,00.000908000000,   0.00000,
,,,00.000910000000,  -0.20000,
,,,00.000912000000,  -0.20000,
,,,00.000914000000,  -0.20000,
,,,00.000916000000,  -0.20000,
,,,00.000918000000,  -0.20000,
,,,00.000920000000,   0.00000,
,,,00.000922000000,  -0.20000,
,,,00.000924000000,  -0.20000,
,,,00.000926000000,  -0.20000,
,,,00.000928000000,  -0.20000,
,,,00.000930000000,  -0.20000,
,,,00.000932000000,   0.00000,
,,,00.000934000000,  -0.20000,
,,,00.000936000000,  -0.20000,
,,,00.000938000000,  -0.20000,
,,,00.000940000000,  -0.20000,
,,,00.000942000000,  -0.40000,
,,,00.000944000000,   0.00000,
,,,00.000946000000,  -0.20000,
,,,00.000948000000,  -0.20000,
,,,00.000950000000,  -0.20000,
,,,00.000952000000,  -0.20000,
,,,00.000954000000,  -0.20000,
,,,00.000956000000,   0.00000,
,,,00.000958000000,  -0.20000,
,,,00.000960000000,   0.00000,
,,,00.000962000000,  -0.20000,
,,,00.000964000000,  -0.20000,
,,,00.000966000000,  -0.20000,
,,,00.000968000000,   0.00000,
,,,00.000970000000,  -0.20000,
,,,00.000972000000,  -0.20000,
,,,00.000974000000,  -0.20000,
,,,00.000976000000,  -0.20000,
,,,00.000978000000,  -0.20000,
,,,00.000980000000,   0.00000,
,,,00.000982000000,  -0.20000,
,,,00.000984000000,  -0.20000,
,,,00.000986000000,  -0.20000,
,,,00.000988000000,   0.00000,
,,,00.000990000000,  -0.20000,
,,,00.000992000000,   0.00000,
,,,00.000994000000,  -0.20000,
,,,00.000996000000,  -0.20000,
,,,00.000998000000,  -0.20000,
,,,00.001000000000,   0.00000,
,,,00.001002000000,   2.40000,
,,,00.001004000000,   4.60000,
,,,00.001006000000,   4.60000,
,,,00.001008000000,   4.80000,
,,,00.001010000000,   4.60000,
,,,00.001012000000,   4.60000,
,,,00.001014000000,   4.60000,
,,,00.001016000000,   4.80000,
,,,00.001018000000,   4.60000,
,,,00.001020000000,   4.80000,
,,,00.001022000000,   4.60000,
,,,00.001024000000,   4.60000,
,,,00.001026000000,   4.80000,
,,,00.001028000000,   4.80000,
,,,00.001030000000,   4.60000,
,,,00.001032000000,   4.80000,
,,,00.001034000000,   4.80000,
,,,00.001036000000,   4.60000,
,,,00.001038000000,   4.60000,
,,,00.001040000000,   4.80000,
,,,00.001042000000,   4.60000,
,,,00.001044000000,   4.60000,
,,,00.001046000000,   4.60000,
,,,00.001048000000,   4.60000,
,,,00.001050000000,   4.60000,
,,,00.001052000000,   4.80000,
,,,00.001054000000,   4.80000,
,,,00.001056000000,   4.80000,
,,,00.001058000000,   4.80000,
,,,00.001060000000,   4.80000,
,,,00.001062000000,   4.60000,
,,,00.001064000000,   4.80000,
,,,00.001066000000,   4.60000,
,,,00.001068000000,   4.80000,
,,,00.001070000000,   4.60000,
,,,00.001072000000,   4.80000,
,,,00.001074000000,   4.60000,
,,,00.001076000000,   5.00000,
,,,00.001078000000,   4.60000,
,,,00.001080000000,   4.60000,
,,,00.001082000000,   4.60000,
,,,00.001084000000,   4.60000,
,,,00.001086000000,   4.60000,
,,,00.001088000000,   4.80000,
,,,00.001090000000,   4.60000,
,,,00.001092000000,   4.60000,
,,,00.001094000000,   4.60000,
,,,00.001096000000,   4.60000,
,,,00.001098000000,   4.60000,
,,,00.001100000000,   4.80000,
,,,00.001102000000,   4.60000,
,,,00.001104000000,   4.80000,
,,,00.001106000000,   4.80000,
,,,00.001108000000,   4.60000,
,,,00.001110000000,   4.60000,
,,,00.001112000000,   4.80000,
,,,00.001114000000,   4.60000,
,,,00.001116000000,   4.80000,
,,,00.001118000000,   4.60000,
,,,00.001120000000,   4.60000,
,,,00.001122000000,   4.60000,
,,,00.001124000000,   4.80000,
,,,00.001126000000,   4.80000,
,,,00.001128000000,   4.80000,
,,,00.001130000000,   4.60000,
,,,00.001132000000,   4.60000,
,,,00.001134000000,   4.60000,
,,,00.001136000000,   4.80000,
,,,00.001138000000,   4.60000,
,,,00.001140000000,   4.80000,
,,,00.001142000000,   4.60000,
,,,00.001144000000,   4.80000,
,,,00.001146000000,   4.60000,
,,,00.001148000000,   4.80000,
,,,00.001150000000,   4.60000,
,,,00.001152000000,   4.80000,
,,,00.001154000000,   4.80000,
,,,00.001156000000,   4.60000,
,,,00.001158000000,   4.60000,
,,,00.001160000000,   4.80000,
,,,00.001162000000,   4.60000,
,,,00.001164000000,   4.80000,
,,,00.001166000000,   4.60000,
,,,00.001168000000,   4.80000,
,,,00.001170000000,   4.60000,
,,,00.001172000000,   4.80000,
,,,00.001174000000,   4.60000,
,,,00.001176000000,   4.80000,
,,,00.001178000000,   4.60000,
,,,00.001180000000,   4.60000,
,,,00.001182000000,   4.60000,
,,,00.001184000000,   4.80000,
,,,00.001186000000,   4.60000,
,,,00.001188000000,   4.80000,
,,,00.001190000000,   4.80000,
,,,00.001192000000,   4.60000,
,,,00.001194000000,   4.60000,
,,,00.001196000000,   5.00000,
,,,00.001198000000,   4.60000,
,,,00.001200000000,   4.80000,
,,,00.001202000000,   4.80000,
,,,00.001204000000,   4.80000,
,,,00.001206000000,   4.60000,
,,,00.001208000000,   4.80000,
,,,00.001210000000,   4.60000,
,,,00.001212000000,   4.80000,
,,,00.001214000000,   4.80000,
,,,00.001216000000,   4.80000,
,,,00.001218000000,   4.60000,
,,,00.001220000000,   4.80000,
,,,00.001222000000,   4.60000,
,,,00.001224000000,   4.60000,
,,,00.001226000000,   4.80000,
,,,00.001228000000,   4.60000,
,,,00.001230000000,   4.60000,
,,,00.001232000000,   4.80000,
,,,00.001234000000,   4.60000,
,,,00.001236000000,   4.80000,
,,,00.001238000000,   4.60000,
,,,00.001240000000,   4.60000,
,,,00.001242000000,   4.60000,
,,,00.001244000000,   4.80000,
,,,00.001246000000,   4.60000,
,,,00.001248000000,   4.80000,
,,,00.001250000000,   4.60000,
,,,00.001252000000,   4.60000,
,,,00.001254000000,   4.60000,
,,,00.001256000000,   4.80000,
,,,00.001258000000,   4.60000,
,,,00.001260000000,   4.60000,
,,,00.001262000000,   4.60000,
,,,00.001264000000,   4.60000,
,,,00.001266000000,   4.60000,
,,,00.001268000000,   4.80000,
,,,00.001270000000,   4.60000,
,,,00.001272000000,   4.80000,
,,,00.001274000000,   4.60000,
,,,00.001276000000,   4.80000,
,,,00.001278000000,   4.60000,
,,,00.001280000000,   4.80000,
,,,00.001282000000,   4.60000,
,,,00.001284000000,   4.80000,
,,,00.001286000000,   4.80000,
,,,00.001288000000,   4.60000,
,,,00.001290000000,   4.60000,
,,,00.001292000000,   4.80000,
,,,00.001294000000,   4.60000,
,,,00.001296000000,   4.80000,
,,,00.001298000000,   4.60000,
,,,00.001300000000,   4.60000,
,,,00.001302000000,   4.60000,
,,,00.001304000000,   4.80000,
,,,00.001306000000,   4.60000,
,,,00.001308000000,   4.80000,
,,,00.001310000000,   4.60000,
,,,00.001312000000,   4.60000,
,,,00.001314000000,   4.60000,
,,,00.001316000000,   4.80000,
,,,00.001318000000,   4.60000,
,,,00.001320000000,   4.80000,
,,,00.001322000000,   4.80000,
,,,00.001324000000,   4.60000,
,,,00.001326000000,   4.60000,
,,,00.001328000000,   4.80000,
,,,00.001330000000,   4.60000,
,,,00.001332000000,   4.80000,
,,,00.001334000000,   4.80000,
,,,00.001336000000,   4.80000,
,,,00.001338000000,   4.60000,
,,,00.001340000000,   4.80000,
,,,00.001342000000,   4.60000,
,,,00.001344000000,   4.80000,
,,,00.001346000000,   4.60000,
,,,00.001348000000,   4.80000,
,,,00.001350000000,   4.60000,
,,,00.001352000000,   4.80000,
,,,00.001354000000,   4.60000,
,,,00.001356000000,   4.80000,
,,,00.001358000000,   4.60000,
,,,00.001360000000,   4.60000,
,,,00.001362000000,   4.60000,
,,,00.001364000000,   4.80000,
,,,00.001366000000,   4.80000,
,,,00.001368000000,   4.80000,
,,,00.001370000000,   4.60000,
,,,00.001372000000,   4.60000,
,,,00.001374000000,   4.60000,
,,,00.001376000000,   4.80000,
,,,00.001378000000,   4.60000,
,,,00.001380000000,   4.80000,
,,,00.001382000000,   4.80000,
,,,00.001384000000,   4.60000,
,,,00.001386000000,   4.60000,
,,,00.001388000000,   4.80000,
,,,00.001390000000,   4.60000,
,,,00.001392000000,   4.60000,
,,,00.001394000000,   4.60000,
,,,00.001396000000,   4.60000,
,,,00.001398000000,   4.60000,
,,,00.001400000000,   4.80000,
,,,00.001402000000,   4.60000,
,,,00.001404000000,   4.80000,
,,,00.001406000000,   4.80000,
,,,00.001408000000,   4.60000,
,,,00.001410000000,   4.60000,
,,,00.001412000000,   4.80000,
,,,00.001414000000,   4.60000,
,,,00.001416000000,   4.60000,
,,,00.001418000000,   4.60000,
,,,00.001420000000,   4.60000,
,,,00.001422000000,   4.60000,
,,,00.001424000000,   4.80000,
,,,00.001426000000,   4.60000,
,,,00.001428000000,   4.80000,
,,,00.001430000000,   4.60000,
,,,00.001432000000,   4.60000,
,,,00.001434000000,   4.60000,
,,,00.001436000000,   4.80000,
,,,00.001438000000,   4.60000,
,,,00.001440000000,   4.80000,
,,,00.001442000000,   4.60000,
,,,00.001444000000,   4.60000,
,,,00.001446000000,   4.60000,
,,,00.001448000000,   4.80000,
,,,00.001450000000,   4.60000,
,,,00.001452000000,   4.80000,
,,,00.001454000000,   4.60000,
,,,00.001456000000,   4.60000,
,,,00.001458000000,   4.60000,
,,,00.001460000000,   4.80000,
,,,00.001462000000,   4.80000,
,,,00.001464000000,   4.80000,
,,,00.001466000000,   4.60000,
,,,00.001468000000,   4.60000,
,,,00.001470000000,   4.60000,
,,,00.001472000000,   5.00000,
,,,00.001474000000,   4.60000,
,,,00.001476000000,   4.80000,
,,,00.001478000000,   4.60000,
,,,00.001480000000,   4.80000,
,,,00.001482000000,   4.60000,
,,,00.001484000000,   4.80000,
,,,00.001486000000,   4.60000,
,,,00.001488000000,   4.80000,
,,,00.001490000000,   4.80000,
,,,00.001492000000,   4.60000,
,,,00.001494000000,   4.60000,
,,,00.001496000000,   4.80000,
,,,00.001498000000,   4.60000,
,,,00.001500000000,   2.00000,
,,,00.001502000000,   4.60000,
,,,00.001504000000,   0.00000,
,,,00.001506000000,   0.00000,
,,,00.001508000000,   0.00000,
,,,00.001510000000,   0.00000,
,,,00.001512000000,   0.00000,
,,,00.001514000000,  -0.20000,
,,,00.001516000000,  -0.20000,
,,,00.001518000000,  -0.40000,
,,,00.001520000000,   0.00000,
,,,00.001522000000,  -0.20000,
,,,00.001524000000,  -0.20000,
,,,00.001526000000,  -0.20000,
,,,00.001528000000,  -0.20000,
,,,00.001530000000,  -0.20000,
,,,00.001532000000,   0.00000,
,,,00.001534000000,  -0.20000,
,,,00.001536000000,  -0.20000,
,,,00.001538000000,  -0.20000,
,,,00.001540000000,  -0.20000,
,,,00.001542000000,  -0.20000,
,,,00.001544000000,   0.00000,
,,,00.001546000000,  -0.20000,
,,,00.001548000000,   0.00000,
,,,00.001550000000,  -0.20000,
,,,00.001552000000,   0.00000,
,,,00.001554000000,  -0.20000,
,,,00.001556000000,   0.00000,
,,,00.001558000000,  -0.20000,
,,,00.001560000000,  -0.20000,
,,,00.001562000000,  -0.20000,
,,,00.001564000000,  -0.20000,
,,,00.001566000000,  -0.20000,
,,,00.001568000000,   0.00000,
,,,00.001570000000,  -0.20000,
,,,00.001572000000,   0.00000,
,,,00.001574000000,  -0.20000,
,,,00.001576000000,  -0.20000,
,,,00.001578000000,  -0.40000,
,,,00.001580000000,   0.00000,
,,,00.001582000000,  -0.20000,
,,,00.001584000000,   0.00000,
,,,00.001586000000,  -0.20000,
,,,00.001588000000,  -0.20000,
,,,00.001590000000,  -0.20000,
,,,00.001592000000,   0.00000,
,,,00.001594000000,  -0.20000,
,,,00.001596000000,   0.00000,
,,,00.001598000000,  -0.20000,
,,,00.001600000000,  -0.20000,
,,,00.001602000000,  -0.20000,
,,,00.001604000000,   0.00000,
,,,00.001606000000,  -0.20000,
,,,00.001608000000,  -0.20000,
,,,00.001610000000,  -0.20000,
,,,00.001612000000,  -0.20000,
,,,00.001614000000,  -0.20000,
,,,00.001616000000,   0.00000,
,,,00.001618000000,  -0.20000,
,,,00.001620000000,   0.00000,
,,,00.001622000000,  -0.20000,
,,,00.001624000000,  -0.20000,
,,,00.001626000000,  -0.40000,
,,,00.001628000000,   0.00000,
,,,00.001630000000,  -0.20000,
,,,00.001632000000,  -0.20000,
,,,00.001634000000,  -0.20000,
,,,00.001636000000,  -0.20000,
,,,00.001638000000,  -0.20000,
,,,00.001640000000,   0.00000,
,,,00.001642000000,  -0.20000,
,,,00.001644000000,  -0.20000,
,,,00.001646000000,  -0.20000,
,,,00.001648000000,  -0.20000,
,,,00.001650000000,  -0.20000,
,,,00.001652000000,   0.00000,
,,,00.001654000000,  -0.20000,
,,,00.001656000000,  -0.20000,
,,,00.001658000000,  -0.20000,
,,,00.001660000000,  -0.20000,
,,,00.001662000000,  -0.20000,
,,,00.001664000000,   0.00000,
,,,00.001666000000,  -0.20000,
,,,00.001668000000,  -0.20000,
,,,00.001670000000,  -0.20000,
,,,00.001672000000,  -0.20000,
,,,00.001674000000,  -0.40000,
,,,00.001676000000,   0.00000,
,,,00.001678000000,  -0.40000,
,,,00.001680000000,  -0.20000,
,,,00.001682000000,  -0.20000,
,,,00.001684000000,  -0.20000,
,,,00.001686000000,  -0.20000,
,,,00.001688000000,   0.00000,
,,,00.001690000000,  -0.20000,
,,,00.001692000000,  -0.20000,
,,,00.001694000000,  -0.20000,
,,,00.001696000000,  -0.20000,
,,,00.001698000000,  -0.20000,
,,,00.001700000000,   0.00000,
,,,00.001702000000,  -0.20000,
,,,00.001704000000,   0.00000,
,,,00.001706000000,   0.00000,
,,,00.001708000000,  -0.20000,
,,,00.001710000000,  -0.20000,
,,,00.001712000000,   0.00000,
,,,00.001714000000,  -0.20000,
,,,00.001716000000,  -0.20000,
,,,00.001718000000,  -0.20000,
,,,00.001720000000,   0.00000,
,,,00.001722000000,  -0.20000,
,,,00.001724000000,   0.00000,
,,,00.001726000000,  -0.20000,
,,,00.001728000000,   0.00000,
,,,00.001730000000,  -0.20000,
,,,00.001732000000,  -0.20000,
,,,00.001734000000,  -0.20000,
,,,00.001736000000,   0.00000,
,,,00.001738000000,  -0.20000,
,,,00.001740000000,  -0.20000,
,,,00.001742000000,  -0.20000,
,,,00.001744000000,  -0.20000,
,,,00.001746000000,  -0.20000,
,,,00.001748000000,   0.00000,
,,,00.001750000000,  -0.20000,
,,,00.001752000000,   0.00000,
,,,00.001754000000,  -0.20000,
,,,00.001756000000,  -0.20000,
,,,00.001758000000,  -0.40000,
,,,00.001760000000,   0.00000,
,,,00.001762000000,  -0.20000,
,,,00.001764000000,  -0.20000,
,,,00.001766000000,  -0.20000,
,,,00.001768000000,  -0.20000,
,,,00.001770000000,  -0.20000,
,,,00.001772000000,   0.00000,
,,,00.001774000000,  -0.20000,
,,,00.001776000000,   0.00000,
,,,00.001778000000,  -0.20000,
,,,00.001780000000,  -0.20000,
,,,00.001782000000,  -0.20000,
,,,00.001784000000,   0.00000,
,,,00.001786000000,  -0.20000,
,,,00.001788000000,   0.00000,
,,,00.001790000000,  -0.20000,
,,,00.001792000000,  -0.20000,
,,,00.001794000000,  -0.20000,
,,,00.001796000000,   0.00000,
,,,00.001798000000,  -0.20000,
,,,00.001800000000,   0.00000,
,,,00.001802000000,  -0.20000,
,,,00.001804000000,  -0.20000,
,,,00.001806000000,  -0.20000,
,,,00.001808000000,   0.00000,
,,,00.001810000000,  -0.20000,
,,,00.001812000000,  -0.20000,
,,,00.001814000000,  -0.20000,
,,,00.001816000000,  -0.20000,
,,,00.001818000000,  -0.20000,
,,,00.001820000000,   0.00000,
,,,00.001822000000,  -0.20000,
,,,00.001824000000,   0.00000,
,,,00.001826000000,  -0.20000,
,,,00.001828000000,  -0.20000,
,,,00.001830000000,  -0.20000,
,,,00.001832000000,   0.00000,
,,,00.001834000000,  -0.20000,
,,,00.001836000000,   0.00000,
,,,00.001838000000,  -0.20000,
,,,00.001840000000,   0.00000,
,,,00.001842000000,  -0.20000,
,,,00.001844000000,   0.00000,
,,,00.001846000000,  -0.20000,
,,,00.001848000000,   0.00000,
,,,00.001850000000,   0.00000,
,,,00.001852000000,  -0.20000,
,,,00.001854000000,  -0.20000,
,,,00.001856000000,   0.00000,
,,,00.001858000000,  -0.20000,
,,,00.001860000000,   0.00000,
,,,00.001862000000,  -0.20000,
,,,00.001864000000,  -0.20000,
,,,00.001866000000,  -0.20000,
,,,00.001868000000,   0.00000,
,,,00.001870000000,  -0.20000,
,,,00.001872000000,   0.00000,
,,,00.001874000000,  -0.20000,
,,,00.001876000000,  -0.20000,
,,,00.001878000000,  -0.20000,
,,,00.001880000000,   0.00000,
,,,00.001882000000,  -0.20000,
,,,00.001884000000,   0.00000,
,,,00.001886000000,  -0.20000,
,,,00.001888000000,  -0.20000,
,,,00.001890000000,  -0.40000,
,,,00.001892000000,   0.00000,
,,,00.001894000000,  -0.20000,
,,,00.001896000000,  -0.20000,
,,,00.001898000000,  -0.20000,
,,,00.001900000000,  -0.20000,
,,,00.001902000000,  -0.20000,
,,,00.001904000000,   0.00000,
,,,00.001906000000,  -0.20000,
,,,00.001908000000,   0.00000,
,,,00.001910000000,  -0.20000,
,,,00.001912000000,  -0.20000,
,,,00.001914000000,  -0.20000,
,,,00.001916000000,   0.00000,
,,,00.001918000000,  -0.20000,
,,,00.001920000000,  -0.20000,
,,,00.001922000000,  -0.20000,
,,,00.001924000000,  -0.20000,
,,,00.001926000000,  -0.20000,
,,,00.001928000000,   0.00000,
,,,00.001930000000,  -0.20000,
,,,00.001932000000,   0.00000,
,,,00.001934000000,  -0.20000,
,,,00.001936000000,  -0.20000,
,,,00.001938000000,  -0.20000,
,,,00.001940000000,   0.00000,
,,,00.001942000000,  -0.20000,
,,,00.001944000000,   0.00000,
,,,00.001946000000,  -0.20000,
,,,00.001948000000,   0.00000,
,,,00.001950000000,  -0.20000,
,,,00.001952000000,   0.00000,
,,,00.001954000000,  -0.20000,
,,,00.001956000000,   0.00000,
,,,00.001958000000,  -0.20000,
,,,00.001960000000,  -0.20000,
,,,00.001962000000,  -0.20000,
,,,00.001964000000,   0.00000,
,,,00.001966000000,  -0.20000,
,,,00.001968000000,  -0.20000,
,,,00.001970000000,  -0.20000,
,,,00.001972000000,  -0.20000,
,,,00.001974000000,  -0.40000,
,,,00.001976000000,   0.00000,
,,,00.001978000000,  -0.20000,
,,,00.001980000000,  -0.20000,
,,,00.001982000000,  -0.20000,
,,,00.001984000000,  -0.20000,
,,,00.001986000000,  -0.20000,
,,,00.001988000000,   0.00000,
,,,00.001990000000,  -0.20000,
,,,00.001992000000,  -0.20000,
,,,00.001994000000,  -0.20000,
,,,00.001996000000,  -0.20000,
,,,00.001998000000,  -0.20000,
,,,00.002000000000,   0.00000,
,,,00.002002000000,   2.40000,
,,,00.002004000000,   4.60000,
,,,00.002006000000,   4.60000,
,,,00.002008000000,   4.60000,
,,,00.002010000000,   4.60000,
,,,00.002012000000,   4.80000,
,,,00.002014000000,   4.60000,
,,,00.002016000000,   4.80000,
,,,00.002018000000,   4.60000,
,,,00.002020000000,   4.80000,
,,,00.002022000000,   4.80000,
,,,00.002024000000,   4.80000,
,,,00.002026000000,   4.60000,
,,,00.002028000000,   4.80000,
,,,00.002030000000,   4.80000,
,,,00.002032000000,   4.80000,
,,,00.002034000000,   4.60000,
,,,00.002036000000,   4.80000,
,,,00.002038000000,   4.60000,
,,,00.002040000000,   4.80000,
,,,00.002042000000,   4.60000,
,,,00.002044000000,   4.60000,
,,,00.002046000000,   4.60000,
,,,00.002048000000,   4.80000,
,,,00.002050000000,   4.60000,
,,,00.002052000000,   4.60000,
,,,00.002054000000,   4.60000,
,,,00.002056000000,   4.60000,
,,,00.002058000000,   4.60000,
,,,00.002060000000,   4.80000,
,,,00.002062000000,   4.60000,
,,,00.002064000000,   4.60000,
,,,00.002066000000,   4.60000,
,,,00.002068000000,   4.60000,
,,,00.002070000000,   4.60000,
,,,00.002072000000,   4.80000,
,,,00.002074000000,   4.60000,
,,,00.002076000000,   4.80000,
,,,00.002078000000,   4.60000,
,,,00.002080000000,   4.60000,
,,,00.002082000000,   4.60000,
,,,00.002084000000,   4.80000,
,,,00.002086000000,   4.60000,
,,,00.002088000000,   4.80000,
,,,00.002090000000,   4.60000,
,,,00.002092000000,   4.60000,
,,,00.002094000000,   4.60000,
,,,00.002096000000,   4.80000,
,,,00.002098000000,   4.60000,
,,,00.002100000000,   4.80000,
,,,00.002102000000,   4.60000,
,,,00.002104000000,   4.60000,
,,,00.002106000000,   4.60000,
,,,00.002108000000,   4.80000,
,,,00.002110000000,   4.60000,
,,,00.002112000000,   4.60000,
,,,00.002114000000,   4.60000,
,,,00.002116000000,   4.60000,
,,,00.002118000000,   4.60000,
,,,00.002120000000,   4.80000,
,,,00.002122000000,   4.80000,
,,,00.002124000000,   4.80000,
,,,00.002126000000,   4.60000,
,,,00.002128000000,   4.80000,
,,,00.002130000000,   4.60000,
,,,00.002132000000,   4.80000,
,,,00.002134000000,   4.80000,
,,,00.002136000000,   4.80000,
,,,00.002138000000,   4.60000,
,,,00.002140000000,   4.60000,
,,,00.002142000000,   4.60000,
,,,00.002144000000,   4.80000,
,,,00.002146000000,   4.60000,
,,,00.002148000000,   4.80000,
,,,00.002150000000,   4.60000,
,,,00.002152000000,   4.60000,
,,,00.002154000000,   4.60000,
,,,00.002156000000,   4.80000,
,,,00.002158000000,   4.60000,
,,,00.002160000000,   4.80000,
,,,00.002162000000,   4.60000,
,,,00.002164000000,   4.60000,
,,,00.002166000000,   4.60000,
,,,00.002168000000,   4.80000,
,,,00.002170000000,   4.60000,
,,,00.002172000000,   4.80000,
,,,00.002174000000,   4.60000,
,,,00.002176000000,   4.60000,
,,,00.002178000000,   4.60000,
,,,00.002180000000,   4.80000,
,,,00.002182000000,   4.60000,
,,,00.002184000000,   4.60000,
,,,00.002186000000,   4.60000,
,,,00.002188000000,   4.60000,
,,,00.002190000000,   4.60000,
,,,00.002192000000,   4.80000,
,,,00.002194000000,   4.60000,
,,,00.002196000000,   4.80000,
,,,00.002198000000,   4.60000,
,,,00.002200000000,   4.60000,
,,,00.002202000000,   4.60000,
,,,00.002204000000,   4.80000,
,,,00.002206000000,   4.60000,
,,,00.002208000000,   4.80000,
,,,00.002210000000,   4.60000,
,,,00.002212000000,   4.60000,
,,,00.002214000000,   4.60000,
,,,00.002216000000,   4.80000,
,,,00.002218000000,   4.60000,
,,,00.002220000000,   4.80000,
,,,00.002222000000,   4.60000,
,,,00.002224000000,   4.60000,
,,,00.002226000000,   4.60000,
,,,00.002228000000,   4.80000,
,,,00.002230000000,   4.60000,
,,,00.002232000000,   4.60000,
,,,00.002234000000,   4.60000,
,,,00.002236000000,   4.80000,
,,,00.002238000000,   4.60000,
,,,00.002240000000,   4.80000,
,,,00.002242000000,   4.60000,
,,,00.002244000000,   4.60000,
,,,00.002246000000,   4.60000,
,,,00.002248000000,   4.60000,
,,,00.002250000000,   4.60000,
,,,00.002252000000,   4.80000,
,,,00.002254000000,   4.60000,
,,,00.002256000000,   4.80000,
,,,00.002258000000,   4.60000,
,,,00.002260000000,   4.60000,
,,,00.002262000000,   4.60000,
,,,00.002264000000,   4.80000,
,,,00.002266000000,   4.60000,
,,,00.002268000000,   4.80000,
,,,00.002270000000,   4.60000,
,,,00.002272000000,   4.60000,
,,,00.002274000000,   4.60000,
,,,00.002276000000,   4.80000,
,,,00.002278000000,   4.60000,
,,,00.002280000000,   4.80000,
,,,00.002282000000,   4.60000,
,,,00.002284000000,   4.60000,
,,,00.002286000000,   4.60000,
,,,00.002288000000,   4.80000,
,,,00.002290000000,   4.60000,
,,,00.002292000000,   4.80000,
,,,00.002294000000,   4.60000,
,,,00.002296000000,   4.60000,
,,,00.002298000000,   4.60000,
,,,00.002300000000,   4.80000,
,,,00.002302000000,   4.60000,
,,,00.002304000000,   4.80000,
,,,00.002306000000,   4.80000,
,,,00.002308000000,   4.60000,
,,,00.002310000000,   4.60000,
,,,00.002312000000,   4.80000,
,,,00.002314000000,   4.60000,
,,,00.002316000000,   4.80000,
,,,00.002318000000,   4.80000,
,,,00.002320000000,   4.80000,
,,,00.002322000000,   4.60000,
,,,00.002324000000,   4.80000,
,,,00.002326000000,   4.80000,
,,,00.002328000000,   4.80000,
,,,00.002330000000,   4.60000,
,,,00.002332000000,   4.80000,
,,,00.002334000000,   4.60000,
,,,00.002336000000,   4.80000,
,,,00.002338000000,   4.60000,
,,,00.002340000000,   4.80000,
,,,00.002342000000,   4.60000,
,,,00.002344000000,   4.80000,
,,,00.002346000000,   4.60000,
,,,00.002348000000,   4.80000,
,,,00.002350000000,   4.60000,
,,,00.002352000000,   4.80000,
,,,00.002354000000,   4.60000,
,,,00.002356000000,   4.80000,
,,,00.002358000000,   4.60000,
,,,00.002360000000,   4.80000,
,,,00.002362000000,   4.60000,
,,,00.002364000000,   4.80000,
,,,00.002366000000,   4.60000,
,,,00.002368000000,   4.60000,
,,,00.002370000000,   4.60000,
,,,00.002372000000,   4.80000,
,,,00.002374000000,   4.60000,
,,,00.002376000000,   4.80000,
,,,00.002378000000,   4.80000,
,,,00.002380000000,   4.80000,
,,,00.002382000000,   4.60000,
,,,00.002384000000,   4.80000,
,,,00.002386000000,   4.60000,
,,,00.002388000000,   4.80000,
,,,00.002390000000,   4.60000,
,,,00.002392000000,   4.80000,
,,,00.002394000000,   4.60000,
,,,00.002396000000,   4.80000,
,,,00.002398000000,   4.60000,
,,,00.002400000000,   4.80000,
,,,00.002402000000,   4.80000,
,,,00.002404000000,   4.60000,
,,,00.002406000000,   4.60000,
,,,00.002408000000,   4.80000,
,,,00.002410000000,   4.60000,
,,,00.002412000000,   4.60000,
,,,00.002414000000,   4.80000,
,,,00.002416000000,   4.60000,
,,,00.002418000000,   4.60000,
,,,00.002420000000,   4.80000,
,,,00.002422000000,   4.60000,
,,,00.002424000000,   4.80000,
,,,00.002426000000,   4.60000,
,,,00.002428000000,   4.60000,
,,,00.002430000000,   4.60000,
,,,00.002432000000,   4.80000,
,,,00.002434000000,   4.60000,
,,,00.002436000000,   4.80000,
,,,00.002438000000,   4.60000,
,,,00.002440000000,   4.80000,
,,,00.002442000000,   4.60000,
,,,00.002444000000,   4.80000,
,,,00.002446000000,   4.60000,
,,,00.002448000000,   4.80000,
,,,00.002450000000,   4.60000,
,,,00.002452000000,   4.60000,
,,,00.002454000000,   4.60000,
,,,00.002456000000,   4.80000,
,,,00.002458000000,   4.60000,
,,,00.002460000000,   4.80000,
,,,00.002462000000,   4.60000,
,,,00.002464000000,   4.60000,
,,,00.002466000000,   4.60000,
,,,00.002468000000,   4.80000,
,,,00.002470000000,   4.60000,
,,,00.002472000000,   4.80000,
,,,00.002474000000,   4.60000,
,,,00.002476000000,   4.60000,
,,,00.002478000000,   4.60000,
,,,00.002480000000,   4.80000,
,,,00.002482000000,   4.80000,
,,,00.002484000000,   4.80000,
,,,00.002486000000,   4.60000,
,,,00.002488000000,   4.60000,
,,,00.002490000000,   4.60000,
,,,00.002492000000,   4.80000,
,,,00.002494000000,   4.60000,
,,,00.002496000000,   4.80000,
,,,00.002498000000,   4.60000,
